62117.923
62125.083
62130.380
62132.437
62135.227
62134.407
62137.589
62138.893
62131.986
62130.488
62132.698
62133.681
62134.337
62138.584
62139.694
62139.992
62120.698
62120.207
62118.426
62115.241
62116.083
62119.015
62116.485
62116.697
62118.836
62070.198
62073.778
62079.608
62082.369
62082.808
62083.513
62076.259
62077.601
62078.264
62082.026
62084.462
62086.452
62090.449
62090.360
62122.032
62135.849
62135.465
62136.211
62138.174
62139.060
62140.439
62141.426
62139.679
64824.123
64787.887
63353.583
66652.760
65318.622
64590.819
66076.793
62271.554
66019.800
63525.390
63341.971
64352.244
63935.906
65329.041
66282.351
62409.330
63850.436
63718.352
64191.919
66546.783
64747.475
56883.663
66485.941
62546.600
64457.249
66700.645
65480.448
66307.452
66796.023
65933.786
65343.972
62644.135
65416.828
65760.944
66065.211
65083.843
64969.625
65551.680
62764.701
64657.759
67395.866
66523.198
64637.259
64670.600
64340.342
64206.056
62901.624
64598.110
65795.213
66739.623
67236.505
67393.541
64731.371
64211.734
67728.702
63064.963
66416.577
55470.064
65785.315
65341.122
64139.560
66155.560
67487.631
67467.812
67817.006
63235.611
65263.577
65311.991
67646.530
66683.605
67340.683
66388.190
66369.101
66578.139
67463.722
63400.820
65943.848
66733.461
67244.753
65175.470
67594.431
66690.087
66141.091
63516.658
65965.284
67587.752
66141.881
64761.873
64817.954
65636.497
65279.644
63643.921
67925.416
65772.254
66321.664
68275.698
68208.307
67930.263
63749.950
65792.080
66022.441
64959.452
66921.141
66544.916
65703.575
65454.278
66581.391
63903.425
66755.261
66917.792
68388.131
68208.102
67925.423
67152.303
64021.982
68710.350
67125.019
66611.871
66414.505
68698.656
66309.117
65459.166
65738.764
65855.797
68229.545
53924.970
66436.380
68917.170
67303.244
64288.910
68620.343
67751.225
67796.223
66494.018
68611.614
66010.214
67007.873
53271.540
69145.348
64452.142
68866.026
65699.764
65699.913
65687.574
68490.695
68743.549
67386.270
53061.951
64605.918
67100.588
68141.203
68062.928
67417.998
67998.286
66678.550
69419.112
67560.758
67384.474
64777.069
66866.625
66653.568
66622.671
68276.733
67137.405
66457.156
64888.131
66192.411
67828.368
68303.552
68565.007
67430.355
68587.717
68389.580
65010.596
67607.280
67589.212
67562.085
66572.681
68419.993
68302.706
65124.556
66710.752
68025.939
69033.638
67547.638
67546.368
68725.359
67566.901
66119.414
69305.845
67715.883
68066.604
71036.406
69395.512
70827.339
69806.486
66254.146
69233.991
68807.274
68760.138
69093.402
68245.705
71114.853
67761.458
67706.347
66407.043
71115.363
69082.107
71137.968
68808.526
69068.503
71148.299
66997.584
69232.177
68514.004
71242.910
72003.171
71544.144
71382.113
71665.671
67139.030
70735.272
70705.336
70597.284
71911.156
70094.716
69797.210
69186.129
71999.986
70987.653
67313.302
69125.101
69509.778
70913.799
72464.194
70706.706
70707.388
70708.364
70708.398
70708.219
70708.010
70707.969
70710.190
70711.259
70711.698
70710.499
70708.677
70708.886
70709.731
70711.009
70707.265
70703.320
70703.711
70702.594
70700.221
70697.948
70698.697
70699.479
70678.916
70676.595
70678.186
70677.277
70677.485
70675.280
70672.788
70673.902
70672.516
70678.350
70679.896
70681.795
70679.579
70675.988
70833.821
70834.231
70835.520
70881.654
70934.761
70939.168
71029.302
71139.503
71236.651
71373.321
71507.871
71624.894
71889.643
72014.906
72123.852
72235.737
72341.505
72449.744
72610.706
72734.933
72860.785
72994.292
73106.289
73216.628
73330.455
73435.985
73567.111
73680.405
73824.380
73956.843
74083.481
74217.018
74330.345
74440.449
74569.672
74684.259
74795.924
74909.922
75017.825
75136.952
75270.001
75382.411
75493.727
75624.432
75734.943
75847.626
75952.478
76103.926
76248.366
76383.803
76496.150
76586.884
76697.264
76807.171
76923.572
77022.161
77149.339
77281.531
77412.713
77523.846
77633.314
77744.819
77845.030
77954.281
78079.607
78212.555
78341.655
78477.047
78563.854
78673.150
78780.714
78883.439
78984.786
80015.913
80098.119
80329.314
80432.523
80545.038
80648.571
80757.871
80868.166
80995.224
81158.988
81270.419
81405.461
81534.982
81652.954
81757.545
81867.840
81979.495
82086.809
82212.720
82346.201
82455.210
82583.655
82716.461
82827.259
82940.068
83042.327
83198.082
83343.491
83458.226
83564.937
83692.029
83828.032
83940.744
84051.773
84161.066
84268.682
84374.517
84486.268
84592.614
84718.455
84850.959
84969.390
85083.295
85191.060
85308.690
85423.104
85534.837
85642.565
85771.833
85897.911
86032.588
86142.160
86254.328
86360.827
86470.023
86576.179
86744.267
86871.572
87006.267
87137.502
87261.818
87365.571
87486.044
87604.254
87738.387
87850.556
87957.546
88086.236
88213.943
88320.974
90145.096
90193.305
90433.531
90548.847
90665.262
90843.752
90975.884
91056.559
91189.317
91300.663
91429.148
91562.133
91670.100
91779.694
91888.864
91997.147
92101.239
92232.142
92341.591
92473.306
92603.374
92716.079
92836.112
92940.222
93050.830
93161.311
93292.978
93403.388
93533.818
93662.675
93792.923
93961.019
94068.337
94180.226
94289.292
94419.792
94529.837
94696.376
94819.665
94947.524
95059.477
95176.432
95284.484
95389.728
95523.041
95633.116
95759.664
95888.130
96000.060
96141.722
96226.834
96332.304
96436.515
96553.970
96655.335
96778.955
96908.450
97041.711
97175.449
97281.739
97452.790
97569.015
97680.293
97786.188
97891.565
98017.663
98148.420
98282.922
98386.683
98494.820
99464.945
99549.774
99725.958
99821.184
99932.395
100059.412
100192.264
100302.596
100411.117
100539.230
100650.430
100757.230
100883.752
101022.001
101191.510
101312.403
101414.610
101539.094
101650.584
101466.712
101594.757
101698.305
101823.594
101952.914
102064.319
102171.440
102294.628
102406.949
102513.414
102645.326
102754.805
102889.653
103012.942
103126.217
103233.490
103359.725
103471.633
103578.188
103710.458
103805.959
103925.560
104056.019
104166.251
104301.035
104409.005
104516.704
104633.540
104736.049
104863.543
104991.741
105099.734
105228.491
105355.587
105470.002
105576.839
105679.907
105779.227
105903.115
106032.390
106121.916
106245.469
106375.940
106494.647
106595.807
106704.053
106807.385
106933.247
107059.717
107181.676
108229.958
108309.511
108497.977
108669.076
108813.286
108924.896
109032.590
109156.203
109284.796
109426.148
109548.140
109674.662
109785.456
109894.551
110003.594
110112.328
110217.839
110346.466
110479.195
110585.470
110717.498
110828.225
110959.016
111069.363
111175.790
111293.044
111457.437
111567.266
111697.551
111815.006
111938.417
112021.245
112128.302
112238.176
112360.019
112481.907
112582.728
112688.798
112785.000
112904.016
112997.506
113105.189
113206.346
113314.752
113448.184
113569.666
113699.406
113811.448
113947.790
114055.742
114164.963
114264.637
114376.828
114498.477
114626.884
114797.059
114912.100
115034.498
115147.043
115257.151
115365.133
115468.800
115594.856
115726.758
115864.005
115967.281
116093.405
116208.322
116314.974
116408.534
117395.591
117489.547
117648.117
117747.404
117881.522
118013.285
118127.674
118233.811
118396.472
118529.417
118646.380
118751.921
118893.508
119015.951
119135.462
119242.642
119354.226
119457.509
119584.981
119690.537
119823.810
119927.250
120062.407
120186.925
120305.154
120406.996
120520.927
120639.421
120777.700
120899.536
121037.442
121163.517
121298.656
121423.416
121560.667
121683.050
121820.696
121978.249
122111.138
122228.313
122367.155
122473.598
122569.639
122669.585
122780.524
122903.820
123021.673
123147.324
123279.985
123415.962
123522.900
123637.471
123737.782
123849.329
123972.386
124089.640
124206.275
124344.714
124471.895
124585.632
124687.679
124800.235
124903.023
125039.745
125143.990
125277.761
125439.163
125578.433
125674.024
125780.802
126879.055
126970.120
127141.248
127264.459
127366.424
127499.491
127607.320
127720.680
127835.747
127971.854
128077.745
128190.618
128313.385
128409.490
128527.202
128663.223
128768.232
128881.738
129010.078
129160.509
129257.783
129359.499
129445.501
129543.420
129630.703
129727.952
129813.734
129907.139
129984.483
130080.786
130162.843
130255.610
130337.302
130434.420
130516.689
130612.489
130693.864
130789.369
130873.173
130967.133
131054.986
131147.128
131231.457
131325.372
131412.007
131505.199
131587.707
131678.849
131755.542
131851.081
131937.128
132032.841
132129.103
132215.999
132280.745
132398.948
132493.008
132573.877
132665.567
132749.278
132842.258
132923.990
133016.020
133098.520
133192.174
133275.282
133368.012
133448.396
133528.370
134504.691
134571.366
134717.964
134769.231
134853.829
134950.541
135034.110
135125.946
135219.838
135309.689
135394.994
135481.857
135572.691
135682.322
135769.252
135864.656
135991.596
136111.550
136195.663
136280.674
136371.426
136464.220
136545.375
136634.145
136727.050
136816.874
136875.898
136962.485
137055.572
137145.292
137226.056
137313.355
137405.917
137495.644
137576.647
137663.782
137742.739
137833.752
137910.873
138000.995
138090.786
138181.485
138265.468
138352.547
138441.548
138533.469
138615.493
138705.514
138795.525
138894.811
138969.183
139079.992
139184.635
139272.790
139356.725
139417.488
139499.772
139589.380
139676.332
139771.674
139856.454
139950.506
140104.156
140196.882
140289.284
140374.921
140448.231
140532.903
140617.337
140694.983
141659.804
141728.822
141881.175
141945.582
142043.442
142156.627
142227.117
142311.934
142404.765
142490.063
142596.524
142728.984
142833.516
142918.341
143045.597
143148.791
143219.031
143300.071
143393.010
143479.913
143572.010
143656.824
143742.334
143829.677
143921.919
144003.659
144095.570
144178.472
144274.760
144358.907
144451.916
144534.741
144628.476
144713.793
144803.416
144885.875
144955.698
145023.573
145118.538
145202.585
145288.628
145372.249
145463.388
145549.923
145642.813
145726.155
145821.359
145902.842
146027.829
146110.430
146206.535
146291.602
146385.476
146470.696
146566.115
146651.279
146739.427
146822.460
146916.587
147002.373
147087.470
147174.969
147268.459
147354.744
147445.843
147528.201
147627.156
147714.604
147794.303
147879.854
148882.236
148930.755
149106.022
149181.966
149267.208
149363.082
149415.173
149518.996
149604.857
149700.057
149781.734
149869.893
149956.107
150049.265
150133.468
150224.246
150309.168
150401.220
150487.285
150574.949
150659.379
150752.477
150836.285
150928.959
151014.391
151108.526
151190.661
151282.452
151366.729
151457.876
151536.744
151627.656
151713.360
151806.943
151891.179
151981.786
152070.116
152162.056
152245.607
152339.719
152421.616
152515.542
152590.573
152683.176
152766.999
152882.665
152960.785
152999.196
153057.177
Elapsed: 0.174651027
Message Size: 4096
