6298.874
2151.601
2368.063
1868.386
1440.346
1730.405
3624.950
1701.050
1331.139
1575.239
1102.068
1909.629
1018.915
878.822
1339.719
819.359
790.838
912.547
1131.635
1409.248
2572.436
1719.862
1325.708
1026.969
719.380
1129.746
1502.927
1630.589
1619.611
1208.633
1906.138
1798.529
1408.748
2400.603
1297.891
1660.924
1137.249
1589.160
1954.753
1066.905
1814.891
1512.967
1441.494
1950.797
1830.183
1390.494
2316.896
3000.829
2262.607
1075.663
1087.531
2954.893
1491.904
7442.620
2974.343
1197.137
1329.374
1883.645
1786.117
930.198
1930.039
1499.016
1876.604
988.137
892.583
1272.041
1620.334
1897.782
1721.360
1221.869
1459.654
923.760
967.905
1748.439
1162.782
1019.944
1572.169
1994.755
1646.422
2983.686
2305.239
1870.807
906.825
1974.143
1906.082
2087.861
1438.949
1332.462
1014.862
757.683
1566.872
1178.369
803.959
1172.375
3160.182
2243.474
2023.172
1036.551
1309.533
1308.765
901.692
1536.880
1996.715
1565.639
1451.787
2529.088
1601.759
1265.701
1576.081
1176.517
1743.972
761.766
1803.473
1026.452
1853.328
1182.668
1010.597
805.601
1311.488
813.909
1006.059
788.305
2689.306
1678.348
1600.850
6423.414
1886.494
1733.571
1752.742
2237.413
1659.364
1459.505
1629.759
2059.128
1815.680
1360.983
1251.258
1478.873
863.072
813.536
688.918
681.758
889.298
1198.079
1041.729
1246.352
760.328
1773.924
2153.900
1707.755
1779.038
1165.178
2124.730
2468.716
1546.443
1733.467
1652.926
1882.460
1252.506
2508.689
2071.906
2387.840
1701.619
1276.702
1072.884
1789.253
1100.045
1145.352
1096.040
2129.864
2493.858
1189.105
2021.980
2016.190
1727.331
2850.652
2570.730
808.891
3457.744
876.617
1542.050
1836.088
1580.540
862.490
2918.873
944.346
2133.671
1716.215
1121.089
1159.616
1072.820
1139.816
1430.128
1381.021
1212.530
3201.958
1697.108
1502.562
1133.610
1227.420
892.416
1092.359
1365.539
1548.544
1910.906
3006.946
1815.047
3329.158
852.156
3544.915
3684.275
1133.360
1295.581
2730.835
1706.690
3257.729
1276.597
1141.153
1442.205
4020.616
2162.453
2088.942
2191.108
1738.768
1611.996
1647.566
1746.878
1191.318
1710.948
1159.962
1622.152
1246.173
1067.542
2384.521
1746.528
894.342
1426.704
1095.168
1282.424
2643.541
1275.927
1263.827
1345.649
2044.819
1548.614
1317.415
1698.125
1399.126
954.527
1385.268
6472.047
849.631
1097.616
1991.194
1684.066
1854.688
6497.957
1284.681
2252.802
1848.340
1740.571
2734.676
2950.169
1707.722
1236.491
1777.321
2313.599
1723.669
2783.030
2878.390
1768.313
4633.572
1359.046
2209.041
1128.446
1521.844
1813.732
2388.939
1951.769
3874.838
1808.330
1878.627
2043.582
2299.178
1416.929
985.000
1920.871
1736.253
1698.676
1747.862
2243.493
1887.746
1372.714
2281.707
3386.077
6439.243
1005.292
1268.316
1862.966
911.821
989.687
1078.416
1629.919
1206.536
755.742
1448.348
1377.929
938.531
864.133
1356.274
1764.815
1587.078
940.207
1375.128
907.227
1333.822
1507.290
992.786
854.518
2072.580
1043.674
1232.419
1084.484
2322.067
1255.605
1912.713
2211.895
1857.460
916.466
862.721
856.325
1034.990
1931.049
1392.879
940.323
1796.734
1561.131
2095.312
1075.495
1508.135
2071.563
2162.691
1765.814
1582.887
1707.893
1478.810
1757.350
1231.734
1258.481
908.524
1033.377
856.400
1121.856
1279.164
1314.703
877.272
1125.626
1388.416
2126.839
1751.933
2000.440
1803.372
1161.616
1989.812
1440.179
1951.028
1520.835
954.144
1457.244
1349.393
1920.626
1998.421
2499.826
1187.343
1330.648
7184.211
1057.170
1827.676
1916.640
1459.654
1402.229
1532.778
2082.828
1186.483
1111.884
2176.866
1807.448
2114.184
2483.159
1794.502
1539.245
2119.686
2746.880
1254.141
1555.756
991.110
792.280
1517.292
1396.012
1120.549
808.842
1825.757
1440.395
1490.384
1303.434
1657.266
2284.233
3283.788
1854.807
1082.614
2039.105
1916.602
1427.617
1296.576
2112.951
1770.027
1264.598
1497.205
953.883
2913.661
1188.908
850.510
756.681
2642.017
1020.566
1524.556
813.946
1865.927
1987.167
890.218
869.200
933.219
903.215
1104.951
1082.636
1027.942
1011.778
1661.964
1506.947
2838.377
935.819
1708.243
2091.538
1432.084
2124.798
1456.525
1565.799
1085.620
1330.011
930.019
1709.927
1717.113
3079.172
1093.827
1702.618
1500.815
1909.725
1995.560
1039.848
1125.101
3412.478
1183.052
2028.711
1572.937
1179.684
3207.296
959.754
2019.688
3052.179
963.200
1314.525
1569.018
2059.009
1989.603
1760.032
1843.795
1934.879
1255.691
2460.256
1750.108
1774.587
1918.018
1111.295
1513.645
2064.586
1276.862
1708.314
1501.128
1519.281
2516.892
1107.175
1936.942
1099.840
2327.181
986.792
1677.111
1740.742
2249.908
1474.019
2581.704
6915.793
1068.588
1423.817
2029.400
2413.627
1245.592
1371.164
1333.967
1428.813
1369.268
2233.423
1960.464
1684.848
1442.518
1615.200
5355.887
1298.875
2000.440
2200.641
1706.038
2000.749
2176.527
1621.701
1103.222
2112.091
2830.628
1072.653
1357.879
1788.422
1268.569
2249.982
2298.005
2245.087
2705.265
2103.504
945.725
900.321
1349.390
1117.751
1964.930
1489.453
2238.214
1746.010
1708.373
857.126
1384.579
802.487
1735.460
1261.879
1417.276
1197.185
1952.767
1155.205
1157.045
1816.109
3436.066
1578.119
3298.387
2904.154
1042.020
2364.822
2443.589
2121.400
1489.826
1585.998
1676.518
954.065
1673.374
1631.033
1348.697
995.819
1438.368
2396.666
2208.807
8588.322
1126.457
1502.793
2114.393
851.180
3552.396
896.618
785.533
965.670
934.616
1230.851
913.754
1587.007
1159.873
1549.292
1758.296
1324.274
4430.309
1726.653
3191.851
4542.094
1499.716
1189.969
1883.581
1378.398
2492.983
1616.564
939.876
1531.903
939.608
1250.710
1559.205
1662.731
1771.271
1259.845
911.735
1367.230
2328.396
2499.212
1603.249
1285.061
1259.636
1325.652
1674.268
2374.362
843.890
883.117
816.997
2121.672
1033.545
1438.964
6075.349
1759.384
1769.107
2115.600
1443.300
1022.823
1636.494
1707.241
1472.555
1136.906
2195.649
1481.600
1252.349
1366.485
1089.372
804.927
1414.098
2601.083
1506.880
2171.103
1826.830
1774.300
1699.235
1078.174
929.628
747.357
1674.686
1180.578
2063.546
2551.381
1263.365
1437.917
884.052
2129.689
1687.046
1095.049
1516.026
1542.199
1631.748
1598.082
1257.546
1623.508
1766.209
2371.807
1374.509
1533.363
3445.704
900.865
1478.277
1444.031
1188.532
1937.971
840.563
808.146
773.650
1782.402
905.268
726.599
1610.603
2858.732
1744.781
2219.301
2130.792
8997.660
1701.560
1038.376
2462.484
2741.825
1628.529
1576.316
1465.898
1512.196
1412.593
1479.402
3442.198
997.931
1561.183
1822.785
2030.119
2080.679
1882.307
1286.473
2804.864
6032.374
1620.162
2513.308
1556.821
1663.603
1416.273
2706.990
1187.749
2593.845
1111.630
1268.651
1560.822
1741.070
2011.079
2114.628
1202.539
1824.118
2487.894
1640.856
1713.395
1675.170
1734.536
1200.397
3204.368
2457.894
1936.622
1714.468
1450.773
1212.601
1190.774
2026.632
790.223
1143.202
1421.325
836.823
1115.426
1235.358
1106.221
811.394
785.787
700.545
705.298
5927.801
1870.770
1880.683
2497.252
1916.494
3008.254
1259.565
994.731
1937.389
1953.695
1411.319
1091.365
1065.098
1842.815
1138.836
2632.830
1592.521
2151.649
1400.154
1757.070
1733.173
2073.344
1515.660
1307.826
2090.629
2160.113
2372.425
1697.462
916.194
2077.226
2414.223
2576.571
3922.354
3850.717
2402.645
2419.595
1711.801
1704.417
901.442
1868.449
1474.570
1693.413
1753.896
1452.710
1712.386
2762.906
1913.551
1860.194
1010.705
964.615
1816.839
1560.744
3770.877
1597.099
2089.590
1301.825
2593.927
3681.455
943.873
2216.388
1981.150
1640.644
1345.970
1750.723
1796.659
971.362
1929.466
1180.720
1672.283
1882.292
1655.702
1808.368
1714.952
823.889
2498.973
975.404
1211.293
1803.666
2191.912
2087.541
999.447
989.564
1552.384
1726.050
1492.333
851.046
1843.620
1851.879
1801.983
2275.400
1309.380
1009.014
1595.367
2250.127
1939.237
2528.265
1843.933
2273.489
2193.235
2163.220
1516.975
1397.017
1058.985
1726.992
1468.610
1630.235
867.352
1792.379
911.251
1512.721
1591.314
1318.455
765.178
909.012
959.087
898.529
964.530
1303.002
831.418
829.663
768.863
667.285
651.821
699.762
732.031
6133.318
2232.146
2050.217
1434.438
1826.651
1811.922
2903.551
2158.575
1739.647
1116.812
1411.937
2816.383
2960.697
1584.608
2908.897
2068.792
2543.271
1367.968
1739.811
1152.106
2232.339
1134.697
1630.846
1814.011
1279.619
1646.232
2301.134
1430.284
1839.880
1705.501
2176.192
1298.364
1053.821
983.328
1921.214
1330.700
2262.864
2461.612
1744.866
824.869
1851.503
2083.503
1001.146
2072.800
1396.712
1718.421
1826.044
1905.408
1822.818
2352.823
1721.770
1323.663
1925.658
1100.112
1958.415
1797.952
1279.246
2298.992
2723.355
1170.646
1406.346
795.007
812.169
2159.350
1202.524
2001.841
1289.356
1306.392
1071.140
1581.337
1447.055
1791.339
877.608
928.074
2378.993
1005.717
2082.065
1562.584
1755.971
1021.139
1264.010
1083.549
1529.530
1926.482
1287.162
5296.845
2161.443
1223.769
1670.703
1800.932
1308.579
1769.565
1796.786
1727.711
1056.567
1447.070
2240.811
2022.430
1851.510
1655.024
2607.990
1796.406
3201.649
1636.174
2337.247
1662.567
1836.114
1892.697
1471.635
1617.949
1807.272
1084.376
1615.323
984.479
1708.355
879.943
1427.107
861.421
1043.841
1627.579
1319.721
727.519
819.638
671.808
664.566
Elapsed: 0.408847466
Message Size: 4096
