6853.927
4688.140
2020.597
2028.387
1900.442
1950.543
1996.830
2012.957
2097.107
2014.767
1963.228
2214.678
2086.293
1956.373
2227.731
1974.232
2148.155
1993.231
1848.936
1937.572
2155.438
1901.843
2114.754
2049.893
2168.290
2148.654
2114.169
2114.620
2098.177
2062.798
2210.282
2052.497
2200.600
2125.956
2190.810
2070.569
2260.927
2076.961
2118.018
2134.413
2354.123
2172.988
2154.000
2109.163
1352.161
1978.159
1982.879
2277.836
1993.474
2147.667
2088.487
2211.768
2309.401
2012.175
1960.333
2375.886
2108.999
2075.475
2183.322
1944.892
2175.175
2021.234
2076.622
2050.906
2080.239
2057.929
1863.081
2017.122
1786.809
1860.496
2265.066
2026.528
1964.595
1960.102
1946.390
1841.053
1925.047
1985.911
1969.956
1834.977
2246.723
1852.822
2164.915
1918.368
2043.545
1927.912
1973.789
1892.373
2029.367
1929.943
2012.018
1998.480
2045.095
2056.200
2373.271
1942.530
1917.113
1960.151
2046.868
1890.719
1983.158
2151.556
1856.886
1889.583
1885.265
2185.158
2170.712
1887.750
1728.278
1843.423
1852.263
1847.491
1951.419
1886.282
1951.743
1880.608
1933.489
1913.063
1870.438
1922.347
2000.529
1969.397
1931.142
1949.351
1802.403
6981.544
3086.045
2010.267
1982.421
2040.517
1942.646
2089.005
1878.656
2037.890
2009.891
2155.218
2111.174
2083.082
1987.267
2010.290
1997.445
2192.587
1912.836
2026.502
1927.752
1977.362
2072.372
1979.470
2151.594
2242.293
2101.284
2020.095
2267.502
1979.962
2066.277
2129.093
2209.011
2087.407
2149.504
2113.059
2112.269
2214.145
2349.321
923.209
2202.094
2291.519
2038.348
2241.325
2127.249
2159.886
1948.189
2079.375
2083.272
2275.351
2043.396
2130.158
2181.061
2313.871
1911.499
2336.755
2133.057
2130.728
2113.979
2022.680
2055.034
2161.726
2053.812
2056.524
2027.117
2121.590
2032.652
1858.678
2058.685
1749.344
1912.605
2196.446
2023.581
1985.162
1943.056
1815.576
1918.487
1924.630
2009.708
1990.113
1841.072
2239.417
1849.044
2259.541
1904.957
2005.842
1971.338
1897.581
2018.530
1933.537
1923.617
1922.585
2095.874
1983.918
2230.361
2203.807
1971.155
1920.126
1910.489
2053.671
2033.245
1875.348
2137.534
1944.788
1810.383
2121.035
2167.355
1945.876
1865.707
1801.878
1725.722
1868.922
2062.548
1754.947
1926.210
1901.362
1950.782
1903.422
1944.512
1860.477
1959.823
1939.878
1930.252
2004.869
1948.200
1766.343
6161.552
4661.728
2173.945
1837.514
2098.650
1895.547
2081.223
1865.376
1990.404
1980.968
2158.187
2158.880
2105.169
1916.103
2053.179
1977.045
2114.099
1963.679
2026.040
1912.545
2024.166
2024.520
1929.473
2071.433
2335.582
2023.615
2079.543
2255.127
1961.052
2205.893
2023.835
2259.467
2140.526
2105.359
2015.132
2133.928
2226.621
2097.040
2375.945
2093.151
2244.025
2035.312
2271.079
2182.290
2070.956
1932.219
2191.581
2048.604
2198.111
2044.413
2178.501
2183.910
2277.195
1958.407
2338.111
2157.293
2082.106
2007.306
2183.668
1948.379
2166.167
2111.603
2062.272
2096.243
2008.725
2022.970
1890.957
2053.149
1719.881
2031.330
2213.430
2079.990
1780.365
2015.393
1855.008
1845.874
1905.166
2135.027
1875.557
1957.186
2144.698
1926.497
2190.270
1894.977
2019.081
1983.628
1877.017
2030.484
1925.465
1927.707
1950.335
2086.401
1972.478
2333.570
2056.949
2027.251
1854.043
1897.153
2080.604
1978.900
1917.940
2093.710
1914.088
1832.224
2082.102
2169.125
1931.291
1865.264
1749.445
1846.492
1822.554
2055.313
1829.717
1918.927
1844.950
1958.374
1901.109
1914.829
1827.832
2003.185
1962.006
1988.333
1945.186
1935.706
1760.639
6356.347
3014.281
1927.830
1946.419
2052.736
1967.862
2076.432
1945.712
2005.331
2056.319
2216.786
2020.638
2053.551
2077.635
1931.094
2042.934
2118.409
1997.538
1966.201
1984.954
1954.414
2047.431
1980.390
2194.870
2157.103
2121.203
2189.644
2073.739
2023.302
2076.313
2142.802
2227.496
2087.157
2098.080
2101.231
2158.049
2200.305
1392.607
2203.032
2118.334
2199.471
2295.535
2154.838
1962.952
2113.398
2087.805
2037.141
2234.351
2013.553
2082.150
2162.173
2140.485
2254.952
2115.909
2181.549
2294.246
2071.910
2050.862
1964.688
2185.725
2148.464
1924.295
2065.986
1994.375
2163.321
1956.157
1909.170
2007.511
1873.594
1957.539
2117.217
2106.439
1955.055
1886.681
1972.590
1907.799
1938.555
2092.384
1874.704
1959.946
1980.253
2162.855
2109.874
2051.022
1910.586
1957.361
1892.481
2102.472
1896.299
1886.096
1833.387
2051.145
2162.401
2419.144
2070.297
1974.355
1897.417
1794.990
2177.496
1780.245
2089.556
1964.767
1895.137
1988.027
2109.896
2006.829
1944.471
1826.700
1900.062
1849.990
1930.062
1843.058
1997.534
1915.943
1835.130
1924.992
1937.345
1910.236
1795.087
2110.351
1888.908
1864.258
1946.229
1908.906
1854.818
6288.338
2065.495
2048.675
1862.288
2001.058
1951.978
2084.881
1952.901
2162.106
1919.143
2227.899
2049.070
1994.833
2131.429
2054.609
2015.639
2172.288
1819.972
1946.080
2140.541
1977.697
2031.069
2013.847
2205.931
2139.661
2135.016
2073.962
2071.463
2180.975
2106.495
2070.177
2273.705
2056.494
2112.009
2090.890
2267.309
2082.512
2147.157
2121.840
2300.072
2091.557
2286.442
2137.009
2006.453
2128.247
2023.939
2085.999
2101.358
1325.104
2135.098
2193.663
2107.348
2234.790
1960.926
2336.424
2080.604
2109.345
2069.123
1924.150
2263.200
2028.514
2168.890
2072.472
1851.898
2309.456
1906.052
1933.318
1895.715
1863.066
2156.630
2111.472
2092.633
1755.320
2015.293
1817.714
1965.672
1908.310
2061.486
1895.968
1985.319
1935.646
2218.131
2022.199
2036.676
1937.989
1984.898
1872.599
2103.817
1860.119
1919.717
2002.150
2112.020
1907.032
2461.839
2048.135
1950.312
1957.335
1869.272
2085.377
1935.128
1940.187
2093.602
1963.437
1806.237
2101.701
2206.292
1875.978
1852.568
1769.364
1866.736
1878.463
2011.206
1833.100
1956.247
1872.901
1901.396
1950.163
1866.624
1869.790
2021.488
1965.925
1954.395
1877.826
2005.864
1750.398
7247.657
3048.342
2115.984
1952.745
1895.562
1956.459
2061.345
1904.614
2212.066
1883.119
2178.188
2091.918
2109.222
1973.424
2119.146
2098.653
2125.517
1793.921
1995.508
2100.181
1986.101
2003.707
1990.978
1966.871
2257.202
2256.285
2009.664
2149.437
2126.131
2113.499
2116.576
2192.527
2133.485
2089.247
2120.070
2086.803
2248.559
2126.224
2164.751
2257.563
2093.740
2324.484
2103.221
2046.935
2134.193
2011.329
2093.669
2212.156
1964.945
2150.297
2227.467
2291.273
2035.379
2141.025
2357.189
2118.412
2117.887
2000.671
2163.466
2028.026
2026.893
2055.183
2073.701
2113.748
2070.446
1796.898
2044.283
1991.376
1819.625
2012.365
2164.245
2120.193
1913.853
1776.416
1996.294
1940.217
1995.295
1987.670
1852.393
1943.164
2173.554
2083.417
2013.773
1996.219
1948.800
2015.762
1864.679
2096.396
1891.457
1868.993
1904.465
2096.821
2148.896
2375.059
2009.444
1943.137
1919.013
2084.177
1929.116
1775.984
2070.148
1968.931
2003.908
1873.888
2176.188
2016.041
1855.850
1819.406
1920.618
1794.074
1913.555
1854.386
1944.385
1975.920
1858.778
1889.043
1953.028
1836.162
1904.219
2029.985
1983.553
1778.290
1910.884
1962.781
1755.644
6437.507
4736.021
2020.374
1996.353
1876.228
1934.905
2096.798
1919.109
2171.829
1994.230
1982.607
2148.665
2094.425
1951.471
2215.900
1993.179
2194.721
1930.524
1836.501
1985.677
2115.328
1987.666
2024.386
1943.663
2292.957
2288.084
1993.176
2076.939
2065.815
2128.594
2162.956
2127.115
2134.290
2112.024
2200.231
2091.508
2212.722
3016.267
2141.207
2276.003
2148.535
2126.608
2176.940
2873.342
2135.139
1900.364
2353.910
2012.711
2077.296
2138.816
2225.690
2272.442
2092.440
2175.692
2361.417
1976.408
2006.162
2052.795
2203.133
1983.669
2046.335
2092.388
2000.660
2089.143
2062.127
1890.328
2050.996
1900.122
1854.744
2215.769
1959.257
2069.257
1889.303
1963.008
1865.599
1945.134
2056.014
1930.017
1904.305
2007.201
2059.776
2157.357
1913.868
2059.445
1806.509
2074.309
2061.989
1881.495
1956.131
1776.628
2062.753
2030.019
2427.373
2153.739
2005.093
1867.119
1898.851
2057.813
1886.167
1912.590
2092.574
1912.568
2004.426
1944.955
2130.218
2001.159
1847.271
1791.123
1922.637
1829.132
1925.901
1957.726
1925.450
1843.266
1926.869
1925.047
1950.625
1823.295
1958.653
1975.872
1889.803
1861.647
1981.977
1899.291
1145.281
5479.924
2330.776
1850.832
2054.241
1953.550
1966.577
2027.091
1911.666
2020.743
2105.664
2251.681
2051.327
1981.314
2029.505
2001.557
2048.694
2094.772
2029.959
1924.407
1987.536
2001.207
1994.010
2037.734
2334.956
1991.995
2115.905
2245.415
2082.411
1991.935
2128.121
2249.669
2086.930
2017.051
2173.159
2101.000
2191.111
2095.036
3515.124
2144.329
2168.272
2198.607
2104.785
2161.950
2002.448
2046.824
2201.296
2096.761
2850.674
2146.665
2170.388
2315.875
2038.419
2116.207
2345.216
2146.609
1970.574
2063.986
2146.490
2007.890
2038.036
2068.035
1998.287
2120.499
2065.372
1891.803
1993.898
1922.537
1933.981
2141.252
1914.136
2140.563
1949.441
1751.032
1935.598
1981.035
1950.361
1994.345
1819.611
2069.589
2078.399
2161.715
1938.403
2064.664
1791.801
2070.557
2030.488
1977.582
1928.970
1817.331
1969.025
2046.935
2264.105
2322.048
1971.819
1886.096
1948.580
2044.648
1874.413
1906.306
2117.790
1940.880
1891.226
1981.035
2142.899
2021.350
1858.067
1772.832
1955.375
1856.029
1881.372
1888.156
1967.676
1917.262
1822.766
1997.832
1892.623
1876.093
1963.675
1937.002
1961.168
1778.640
2001.844
1892.217
1415.771
583.909
Elapsed: 0.276450168
Message Size: 4096
