290.389
329.351
359.573
372.052
382.335
427.503
462.730
495.332
159.709
240.979
249.600
320.078
345.429
353.636
371.428
401.984
181.717
213.464
300.538
346.988
356.346
358.856
400.329
410.607
155.578
199.094
274.567
286.464
297.217
330.716
368.663
374.755
202.003
224.291
247.741
267.069
334.942
370.702
395.909
433.759
214.561
254.819
288.490
294.124
319.090
372.871
381.667
390.456
204.949
266.262
274.859
321.781
330.234
338.769
378.791
386.849
197.467
216.690
265.696
316.712
323.482
327.546
371.819
379.674
187.436
246.372
283.947
296.767
311.745
321.930
355.027
367.641
174.336
265.427
281.554
314.129
324.861
362.292
405.461
414.206
198.505
247.847
260.191
315.578
326.188
331.004
369.596
396.439
145.848
218.072
269.199
275.877
316.062
357.539
367.765
400.249
207.002
219.103
255.677
295.942
337.598
371.032
385.733
414.451
181.472
188.559
287.580
301.542
309.713
381.931
387.735
400.096
219.760
240.297
304.352
312.375
316.176
340.325
377.711
388.143
173.296
187.400
269.777
313.305
331.691
338.726
358.268
394.578
197.750
257.140
312.184
321.248
329.443
335.583
358.517
386.212
171.813
241.880
266.663
272.524
285.003
357.803
364.634
367.271
219.375
259.733
324.036
333.324
336.916
371.567
375.126
378.476
179.428
268.096
276.921
313.082
364.644
390.388
397.486
430.936
324.631
328.181
337.455
343.375
349.894
358.241
386.443
390.163
190.825
208.963
298.330
312.902
332.361
349.670
392.636
402.700
197.590
265.313
294.693
309.503
324.798
354.684
387.267
416.325
184.369
224.046
231.828
292.357
330.252
334.975
346.322
377.934
137.023
255.219
287.900
296.166
325.915
330.697
374.120
380.864
168.039
249.147
278.976
304.635
335.022
346.809
357.010
380.318
181.680
262.793
303.013
322.651
330.275
333.260
387.914
407.298
313.240
356.033
363.282
369.043
374.907
381.129
403.883
435.735
162.298
211.050
248.348
296.387
323.955
332.740
373.241
403.894
179.752
270.568
301.626
309.234
316.978
361.097
366.007
398.266
153.612
212.251
266.463
275.067
325.630
351.485
397.834
404.599
192.351
264.378
272.107
308.061
313.963
322.718
359.361
371.422
188.431
275.633
293.375
301.014
304.123
357.595
363.960
388.633
177.392
215.964
266.228
273.389
295.496
306.705
340.470
371.990
203.814
228.742
302.572
312.939
320.472
342.711
390.057
414.044
176.084
229.907
298.173
303.972
346.610
404.972
426.053
439.981
163.175
216.266
276.726
283.867
323.488
333.063
392.840
397.561
199.705
218.689
278.358
288.890
297.216
352.526
357.194
379.257
147.358
247.738
274.703
276.772
288.068
360.470
365.469
376.232
186.093
244.001
303.446
312.801
321.654
356.415
397.101
406.038
160.991
226.002
270.538
275.480
293.489
355.548
370.775
384.078
180.731
204.240
229.908
291.956
336.917
382.790
414.881
447.685
225.037
232.796
271.506
278.496
285.967
322.554
366.984
403.723
189.557
245.453
256.021
301.996
310.882
363.677
399.480
402.613
179.165
243.816
270.133
312.957
352.787
368.116
397.926
421.608
186.985
198.670
209.492
267.456
274.553
295.868
344.737
361.245
245.157
264.685
263.104
294.733
304.973
334.582
343.890
366.857
196.804
231.683
299.717
307.502
352.239
361.615
387.278
412.190
208.821
230.228
296.076
301.488
330.613
338.204
378.551
401.784
221.501
257.382
275.644
284.569
293.213
355.927
360.034
377.890
151.559
235.275
270.396
295.652
326.060
337.709
360.348
400.347
196.112
235.556
295.647
340.347
348.876
377.587
387.493
418.948
209.327
216.594
267.961
301.820
311.351
319.811
370.644
391.906
185.552
207.184
265.049
293.763
305.848
362.466
407.743
418.809
181.099
232.474
273.886
293.737
310.290
370.365
393.119
410.306
202.515
243.488
248.343
256.769
266.196
293.416
333.294
344.760
208.868
247.032
251.420
265.596
339.438
342.142
348.442
350.740
186.125
247.004
258.782
282.863
294.401
340.743
349.801
374.627
194.112
237.038
281.887
293.541
325.034
338.631
383.069
387.247
188.487
230.020
271.718
283.202
312.649
321.796
342.458
367.061
185.912
271.693
280.490
285.393
309.740
366.473
373.504
377.632
182.216
234.933
263.497
307.280
317.546
324.601
351.463
383.099
218.341
233.947
244.514
268.388
277.344
307.840
316.868
330.812
218.548
252.603
298.595
304.506
315.532
341.393
373.894
379.117
229.507
246.148
278.116
286.805
323.117
341.059
354.729
393.664
158.290
213.553
232.910
294.682
390.920
394.984
397.293
400.565
130.561
357.665
385.022
391.126
397.309
411.767
416.433
430.065
148.131
197.049
227.482
244.568
270.205
297.036
315.116
352.179
185.704
195.313
223.812
257.426
264.985
302.831
328.569
352.277
157.950
186.083
226.011
232.732
267.584
300.749
320.366
350.414
169.522
178.089
218.617
239.400
246.583
290.882
320.445
345.218
234.808
238.471
249.707
255.743
258.837
284.235
336.859
362.202
191.642
260.027
309.187
315.077
349.754
358.342
361.587
385.724
149.391
241.147
254.659
261.550
311.879
344.427
378.614
383.899
199.524
238.843
246.768
322.766
328.294
358.032
372.833
385.765
184.355
250.846
262.707
296.395
307.941
326.994
367.467
401.537
196.646
258.460
268.320
298.440
308.250
345.416
354.797
375.447
200.484
275.977
287.395
293.595
309.018
330.424
358.724
388.514
155.332
208.659
271.958
280.408
309.404
320.554
372.441
383.283
140.181
207.383
272.540
289.496
330.126
349.549
351.983
378.537
154.962
200.736
269.948
279.996
328.221
399.258
408.195
411.750
144.787
245.680
260.735
266.850
331.237
335.705
354.665
364.379
182.619
221.130
254.698
269.836
288.278
295.080
367.232
369.423
207.099
254.807
267.597
307.011
315.688
318.098
356.875
366.812
202.531
277.534
289.091
314.561
320.501
381.364
389.501
407.729
200.490
222.163
298.482
307.644
310.595
327.835
375.956
394.665
193.968
226.924
283.026
291.593
299.588
367.081
370.919
393.035
199.800
248.351
302.938
310.385
316.794
348.552
411.732
436.280
185.476
266.445
280.731
296.937
307.819
335.604
378.853
385.023
167.529
223.626
275.881
282.493
316.079
357.605
371.645
391.323
186.476
220.653
295.462
304.001
311.814
345.370
381.960
409.020
261.820
268.985
275.788
297.228
338.715
345.670
401.187
410.855
184.792
247.205
315.804
327.588
332.406
369.361
413.856
425.383
154.578
206.356
264.155
276.627
297.249
304.298
350.531
359.793
198.625
256.166
266.418
288.889
318.066
348.672
384.849
394.901
178.689
272.103
310.498
316.343
369.194
378.972
383.038
429.248
215.067
246.396
262.992
352.191
379.395
386.061
393.357
403.283
147.081
208.988
275.752
287.068
356.501
360.436
369.612
382.621
135.602
225.081
237.113
291.737
314.186
332.288
372.900
384.245
210.841
262.062
297.383
310.016
318.938
331.082
363.189
372.479
213.888
236.348
296.172
306.087
335.775
347.618
371.453
384.203
217.808
288.044
296.103
342.794
347.673
352.542
362.450
380.781
207.533
295.558
303.322
306.289
321.788
322.215
391.396
400.705
220.037
239.930
276.984
292.615
323.181
332.259
365.838
378.653
155.357
246.260
282.814
286.332
298.139
346.100
355.124
358.596
164.312
254.353
266.667
271.608
282.538
353.767
367.073
391.624
225.592
265.728
273.676
398.795
406.824
410.464
419.413
426.496
218.166
229.264
304.469
310.427
313.654
318.678
370.379
374.654
168.720
201.054
266.856
277.063
303.718
312.490
363.763
373.673
231.009
269.927
278.307
282.790
310.949
320.481
328.592
355.265
189.471
256.313
276.633
303.906
323.325
327.812
349.631
389.524
156.989
262.503
318.816
342.903
351.592
367.181
407.220
413.708
191.750
209.251
295.037
303.981
342.202
351.747
357.224
394.647
252.868
262.705
269.477
289.524
322.732
398.368
405.624
413.954
261.138
274.023
283.463
300.051
327.151
383.055
390.593
400.822
382.276
387.669
393.177
398.481
404.042
410.149
415.971
421.698
138.905
259.382
269.262
276.752
312.275
374.742
382.988
385.698
139.095
268.728
278.476
284.866
302.460
357.957
363.864
395.041
154.109
244.298
279.041
288.938
347.057
378.820
396.613
432.329
207.660
248.340
294.751
303.384
329.062
338.414
383.124
392.944
192.620
270.117
307.635
359.908
375.290
381.245
389.266
417.459
213.907
269.326
281.446
289.735
329.212
333.424
383.044
388.888
158.532
228.339
259.383
278.096
344.133
350.329
364.497
388.855
223.581
281.414
318.501
330.434
337.600
364.200
369.633
406.304
212.387
222.298
299.414
311.635
318.585
331.834
379.927
401.354
Elapsed: 0.051358725
Message Size: 4096
