5205.927
12909.152
12926.969
12930.022
12934.184
12937.964
12941.802
12944.173
12984.246
12991.389
12995.186
12998.326
13001.816
13004.333
13007.607
13009.672
13013.225
13016.423
13020.008
13023.028
13027.307
13030.212
13033.981
13036.775
13040.443
13057.402
13066.574
13069.516
13073.762
13076.399
13080.553
13083.222
13087.158
13099.793
13235.050
13289.390
13348.122
13379.416
13400.880
13404.909
13409.226
13411.315
13415.440
13416.753
13420.705
13422.836
13425.754
13427.763
13430.781
13432.997
13437.221
13439.689
13443.156
13445.771
13449.370
13451.423
13455.559
13457.847
13461.906
13463.641
13467.191
13469.645
13472.681
13476.140
13479.891
13482.990
13486.687
13488.974
13492.488
13494.187
13498.972
13502.269
13506.351
13508.677
13512.654
13514.098
13518.127
13519.707
13523.926
13525.788
13529.892
13531.990
13535.892
13538.705
13542.425
13545.123
13549.460
13551.442
13555.377
13558.451
13562.491
13564.892
13569.784
13571.882
13575.849
13578.108
13582.507
13584.327
13588.397
13590.329
13594.235
13596.309
13601.137
13603.231
13606.881
13609.252
13611.205
13611.489
13615.355
13614.726
13617.170
13628.641
13632.353
13642.120
13645.830
13655.415
13657.927
13662.285
13665.100
13667.964
13674.265
13678.199
13680.464
13684.174
13687.009
13688.305
13693.661
13694.132
13699.984
13704.318
13707.068
13711.203
13713.635
13715.823
13721.497
13724.608
13730.388
13733.398
13739.065
13740.792
13745.559
13746.564
13749.830
13753.705
13755.898
13761.612
13769.143
13772.821
13777.079
13779.724
13782.030
13784.427
13788.819
13791.590
13796.406
13798.974
13802.442
13804.436
13807.860
13810.412
13814.497
13816.905
13820.339
13823.383
13826.705
13828.582
13831.214
13833.465
13836.921
13843.910
13847.966
13850.674
13854.807
13857.188
13860.041
13863.565
13866.799
13869.149
13873.061
13875.154
13879.228
13881.249
13885.304
13887.475
13891.081
13892.980
13896.723
13899.408
13903.200
13905.323
13908.485
13910.607
13913.881
13915.760
13918.727
13921.200
13925.184
13928.069
13931.867
13933.905
13937.334
13939.145
13942.956
13945.145
13948.679
13951.472
13954.376
13956.638
13960.814
13962.198
13966.457
13968.122
13971.125
13975.766
13979.613
13981.618
13985.020
13987.720
13992.554
13994.900
13998.415
14000.663
14003.989
14006.416
14009.576
14012.232
14015.570
14018.464
14021.480
14023.883
14027.016
14029.482
14033.814
14035.383
14038.286
14041.313
14045.096
14047.076
14049.788
14051.911
14055.793
14060.169
14063.896
14066.106
14070.087
14072.293
14075.382
14077.894
14081.726
14085.533
14089.327
14091.191
14094.634
14095.949
14099.800
14103.100
14106.441
14109.291
14113.557
14116.567
14119.871
14123.417
14127.462
14130.301
14133.326
14136.831
14140.341
14141.748
14144.829
14146.924
14150.105
14151.968
14155.683
14158.986
14162.730
14164.930
14168.579
14171.020
14175.238
14176.629
14180.549
14184.137
14188.395
14191.343
14194.633
14197.657
14201.079
14204.340
14208.344
14210.713
14214.353
14216.345
14220.201
14222.833
14226.624
14228.740
14232.459
14234.594
14238.293
14240.631
14244.254
14246.493
14249.414
14252.939
14256.121
14259.338
14263.077
14266.576
14260.433
14265.240
14270.095
14272.145
14275.822
14279.016
14283.592
14285.948
14289.842
14292.421
14296.578
14300.838
14305.506
14307.817
14311.522
14313.624
14317.819
14319.913
14323.359
14325.606
14329.437
14332.365
14335.973
14338.996
14342.671
14344.742
14348.168
14350.850
14354.480
14357.534
14360.948
14363.427
14368.048
14372.997
14376.082
14378.450
14381.842
14385.374
14388.545
14390.048
14393.739
14395.534
14399.605
14401.699
14404.987
14407.044
14410.722
14412.831
14416.592
14418.739
14422.531
14425.357
14429.742
14431.968
14437.372
14440.373
14444.394
14445.695
14448.808
14451.267
14455.699
14457.721
14461.334
14464.018
14467.778
14470.369
14474.309
14476.326
14480.655
14484.034
14487.475
14489.652
14493.151
14495.008
14498.030
14502.603
14506.831
14509.415
14512.540
14515.136
14518.751
14521.157
14524.699
14527.444
14530.951
14535.599
14539.349
14541.668
14545.386
14546.154
14548.851
14551.178
14555.453
14557.812
14561.526
14563.806
14569.308
14572.040
14576.023
14578.703
14582.057
14586.793
14600.950
14603.779
14607.766
14609.504
14612.820
14614.912
14617.664
14619.793
14622.825
14625.014
14628.251
14630.352
14633.458
14634.604
14638.651
14643.190
14647.726
14649.543
14652.964
14654.441
14657.670
14660.354
14664.236
14666.892
14670.397
14672.209
14676.368
14676.802
14679.784
14682.486
14685.658
14689.278
14692.916
14694.365
14698.139
14700.121
14704.010
14708.458
14712.184
14714.825
14718.607
14720.928
14724.420
14726.808
14729.468
14731.858
14734.666
14737.099
14740.429
14741.703
14744.774
14746.212
14749.562
14751.592
14755.247
14758.279
14762.288
14764.012
14767.573
14772.226
14775.494
14776.975
14780.643
14783.927
14787.054
14789.184
14792.089
14793.120
14796.272
14798.626
14801.925
14804.376
14807.578
14810.096
14813.489
14814.733
14818.665
14820.165
14823.452
14823.916
14828.311
14829.742
14833.136
14833.929
14837.072
14839.223
14842.738
14845.132
14848.902
14851.367
14854.477
14856.003
14859.815
14861.311
14864.585
14865.758
14869.300
14870.818
14873.846
14875.467
14879.301
14882.919
14886.759
14889.928
14893.438
14895.100
14898.923
14899.682
14902.943
14907.849
14911.900
14913.720
14917.056
14918.603
14921.549
14923.095
14926.587
14929.272
14932.857
14933.416
14936.783
14939.682
14943.850
14947.465
14950.424
14952.482
14955.432
14958.899
14962.848
14964.719
14968.262
14970.359
14973.593
14975.733
14979.162
14981.669
14985.462
14987.038
14990.864
14993.612
14997.234
14999.575
15002.382
15004.281
15008.840
15011.254
15014.615
15016.360
15020.291
15022.484
15026.425
15028.418
15032.017
15034.053
15037.220
15039.821
15043.400
15045.443
15049.521
15051.251
15054.847
15056.823
15060.914
15063.304
15066.537
15069.521
15074.046
15075.445
15078.661
15081.407
15085.235
15086.950
15090.633
15093.122
15097.129
15103.194
15106.898
15108.610
15112.817
15114.349
15118.543
15121.645
15125.158
15127.648
15131.320
15134.145
15136.953
15141.441
15145.796
15148.441
15151.790
15155.572
15158.850
15160.735
15164.655
15166.343
15169.155
15171.403
15175.183
15177.572
15181.091
15183.508
15186.253
15189.043
15192.257
15194.636
15198.059
15200.349
15203.886
15208.651
15211.820
15213.461
15217.309
15219.781
15223.618
15227.155
15230.967
15232.649
15237.295
15239.625
15244.487
15246.429
15249.971
15252.655
15256.216
15258.483
15262.222
15264.978
15268.366
15270.454
15274.523
15277.978
15281.882
15283.932
15286.871
15290.154
15293.531
15296.561
15299.660
15301.931
15305.128
15307.066
15310.361
15311.907
15315.088
15317.062
15320.749
15322.403
15326.389
15329.166
15332.538
15334.162
15338.830
15341.172
15344.581
15347.145
15350.502
15353.267
15356.501
15358.318
15362.465
15364.577
15368.367
15370.665
15374.079
15376.602
15379.781
15381.947
15385.245
15388.148
15391.722
15393.246
15396.524
15401.607
15405.877
15407.583
15411.285
15413.231
15417.545
15419.940
15423.235
15424.588
15428.481
15430.592
15434.251
15435.897
15439.317
15441.397
15445.187
15448.051
15451.944
15454.199
15457.665
15459.954
15464.184
15467.450
15471.261
15472.834
15476.614
15479.261
15482.895
15484.761
15488.584
15491.115
15494.304
15495.831
15499.509
15501.604
15505.184
15507.569
15510.458
15512.387
15516.430
15518.481
15521.755
15525.238
15529.213
15531.584
15534.975
15537.821
15540.899
15542.722
15546.704
15548.192
15551.345
15553.055
15556.567
15560.356
15563.130
15565.418
15569.039
15571.205
15574.516
15577.319
15580.051
15581.169
15585.230
15588.067
15591.142
15593.002
15596.384
15597.997
15600.713
15603.501
15606.331
15609.155
15613.559
15615.332
15618.491
15620.159
15623.855
15626.067
15628.577
15630.111
15633.705
15635.756
15639.170
15641.106
15646.395
15649.046
15652.346
15654.079
15657.330
15659.366
15662.500
15666.048
15670.249
15672.052
15675.589
15676.869
15680.211
15682.112
15685.555
15687.768
15691.325
15693.504
15697.022
15698.415
15702.076
15705.587
15709.219
15710.690
15714.372
15717.063
15720.665
15722.033
15726.376
15728.081
15731.204
15733.281
15736.783
15741.234
15744.860
15747.484
15751.424
15753.303
15756.460
15758.336
15761.805
15763.763
15768.499
15770.638
15774.168
15776.195
15779.798
15782.027
15785.814
15789.461
15793.719
15794.415
15803.773
15806.672
15809.633
15811.758
15815.873
15818.021
15821.325
15823.389
15826.981
15829.442
15832.912
15836.707
15841.382
15843.561
15846.928
15847.806
15851.136
15853.065
15856.400
15858.335
15862.130
15862.984
15866.935
15869.337
15872.739
15874.826
15878.352
15880.500
15883.859
15886.375
15889.496
15892.284
15895.974
15900.583
15904.472
15906.933
15910.296
15912.382
15915.301
15917.576
15921.349
15922.708
15925.896
15927.097
15931.423
15933.470
15936.495
15938.374
15941.395
15942.586
15946.048
15948.066
15952.147
15954.129
15957.802
15960.682
15963.696
15965.361
15969.367
15971.645
15975.535
15979.684
15983.160
15985.073
15988.373
15989.800
15993.214
15995.937
15999.240
16001.412
16004.742
16006.763
16010.503
16011.642
16015.055
16017.969
16022.520
16025.372
16028.825
16030.906
16035.009
16037.007
16040.093
16041.879
16045.539
16047.228
16050.301
16052.196
16055.850
16058.561
16061.731
16062.996
16066.842
16069.396
16072.908
16075.105
16079.564
16082.229
16086.113
16088.458
16091.631
16093.448
16096.349
16098.077
16101.471
16103.083
16106.840
16108.650
16112.376
16113.912
16117.235
16119.007
16122.677
16124.892
16128.676
16131.004
16134.444
16136.379
16139.966
16143.052
16146.009
16147.757
16151.376
16154.038
16157.466
16159.769
16163.258
16164.958
16168.891
16170.237
16173.686
16175.313
16178.170
16180.450
16183.734
16185.235
16188.860
16191.262
16194.922
16197.416
16202.083
16207.044
16210.192
16211.937
16215.248
16217.417
16220.772
16222.010
16225.875
16228.792
16232.185
16234.053
16237.442
16238.899
16242.336
16244.689
16247.704
16250.254
16254.078
16255.761
16259.548
16261.719
16266.390
16268.000
16271.019
16274.236
16276.990
16279.279
16282.066
16283.644
16287.103
16288.744
16292.298
16294.620
16297.732
16299.152
16302.514
16304.622
16308.013
16310.097
Elapsed: 0.141277826
Message Size: 4096
