15900.885
15895.488
3990.469
3984.190
3990.703
3994.115
3993.439
19916.879
3991.867
4001.049
3973.544
112.555
3987.646
19932.925
11906.759
19891.960
3866.959
38.091
46.424
43.966
43.727
43.832
43.256
43.422
43.617
43.636
43.416
43.585
43.416
42.902
43.078
43.691
43.139
43.145
43.154
43.088
43.106
43.177
43.119
43.182
42.966
43.204
43.148
43.119
43.081
42.821
42.753
43.138
42.529
42.244
42.916
42.868
42.455
42.597
43.208
42.857
42.231
42.645
43.043
44.238
45.505
47.501
49.653
44.928
41.752
42.857
42.909
42.829
43.006
43.164
43.254
42.934
43.011
43.778
43.958
43.277
42.472
42.656
42.930
42.698
42.588
43.039
43.048
42.774
42.196
42.458
43.274
42.904
43.041
43.233
43.092
42.626
42.497
42.957
43.329
42.915
42.677
43.231
43.462
42.756
42.359
42.578
42.569
42.281
42.430
42.603
42.799
42.535
42.271
42.683
42.643
42.044
43.107
42.952
42.390
42.485
42.767
42.474
42.450
42.221
42.832
43.321
43.129
43.193
42.983
43.188
43.187
43.339
43.183
42.990
42.334
42.440
42.257
42.289
42.709
42.593
42.480
42.272
42.018
42.472
42.772
42.663
42.667
42.212
42.710
43.239
43.023
43.075
43.286
43.139
43.026
42.487
42.164
42.637
42.772
43.056
43.186
42.878
42.731
42.648
42.632
42.169
42.387
42.418
42.513
42.920
43.156
43.179
42.980
43.027
42.669
42.303
42.717
43.128
42.710
42.171
42.690
42.626
42.894
3995.234
3993.300
11935.230
40.193
114.757
902.701
924.878
200.179
101.172
74.917
63.342
108.853
143.009
156.866
148.897
173.389
140.601
146.975
96.702
103.352
107.412
154.839
143.441
135.795
156.286
132.443
129.050
155.029
150.243
3992.245
15894.538
2700.760
4014.498
223.219
56.349
96.771
3996.235
3794.123
3993.279
3997.642
3992.529
3995.447
3990.153
3997.549
3988.797
3994.565
3986.954
3996.095
3981.481
3988.709
3975.376
3993.203
3993.553
3997.926
3995.811
3988.900
3993.818
3993.449
3995.873
3993.655
3989.315
3979.201
3993.339
3989.973
3988.722
3986.015
3992.454
3992.529
3992.687
3995.382
3996.931
3973.397
3993.964
3992.312
3997.491
3989.228
3995.082
3991.103
3996.251
3995.909
3993.584
3995.487
3988.999
3996.582
3984.438
3991.988
3995.004
3994.047
3990.092
3978.100
4027.620
3993.635
3991.816
3987.796
3991.341
3996.120
3987.862
3997.915
3994.875
3982.891
3995.799
3986.117
3992.832
3985.150
3990.235
3984.246
3989.014
3995.850
33.364
38.536
27.336
84.879
27.212
59.334
26.403
59.064
26.624
58.612
26.390
58.971
26.256
58.651
26.294
58.793
26.261
58.133
26.407
58.857
26.282
58.920
26.454
58.337
26.084
58.185
26.587
58.133
26.392
58.242
26.639
58.194
26.280
57.699
26.194
58.125
27.586
60.721
31.199
59.190
29.747
58.369
26.115
58.024
26.747
58.006
26.427
58.478
26.133
58.419
26.571
58.190
26.543
59.395
26.203
59.309
26.331
58.441
26.870
58.738
26.526
57.970
26.673
59.316
26.397
60.864
26.145
63.016
26.124
65.799
26.223
61.980
26.286
60.048
26.253
60.971
26.261
59.656
26.227
59.882
26.262
61.247
26.207
61.179
25.943
58.819
26.578
58.523
25.874
58.420
26.517
58.524
26.519
58.668
26.163
58.693
26.096
58.727
26.160
58.853
25.779
58.609
26.735
58.997
26.240
58.726
26.098
58.320
26.158
58.146
26.209
58.287
26.181
58.003
26.224
58.242
26.236
58.718
26.175
59.098
26.244
58.270
26.285
58.281
25.938
58.085
26.260
58.321
26.530
58.521
26.279
58.015
26.568
57.572
26.332
57.875
26.348
59.755
26.479
58.484
26.113
57.853
27.802
57.831
26.124
57.533
25.855
57.714
26.522
58.201
26.446
58.180
26.636
58.271
26.191
58.622
26.208
58.259
26.223
58.297
26.131
58.178
26.196
57.972
26.206
57.908
26.264
58.233
27.026
59.157
26.304
58.816
26.297
57.725
26.124
58.142
26.470
57.723
26.168
58.153
26.527
58.851
25.989
58.501
26.592
57.670
26.507
57.771
26.018
58.438
26.191
58.300
26.178
57.818
26.204
58.223
26.416
58.355
26.119
58.263
26.188
58.323
25.959
58.765
26.468
58.484
26.391
58.003
26.241
58.093
26.190
58.552
26.257
57.656
26.466
57.823
27.826
57.873
26.529
58.052
27.627
57.595
25.828
57.742
58.267
62.510
58.255
58.297
57.793
57.790
58.268
58.205
58.054
58.355
3992.601
64.945
66.308
60.039
59.031
58.186
58.133
57.652
57.657
57.895
57.804
57.838
58.471
57.563
57.593
57.676
57.475
57.265
57.317
57.569
58.185
58.039
57.540
57.672
57.957
58.193
58.348
58.296
58.056
57.944
57.793
57.518
58.085
64.725
59.109
58.610
59.161
57.897
57.765
58.147
58.157
57.295
57.529
58.217
58.259
58.053
58.151
58.528
58.443
57.868
57.524
57.792
57.535
57.579
57.789
57.709
57.637
58.078
58.286
57.796
58.183
57.409
57.513
58.146
58.131
58.266
58.402
58.438
58.273
58.303
58.190
57.827
58.182
57.909
57.350
57.556
57.968
58.113
57.857
57.403
57.708
58.088
57.673
57.276
57.245
57.691
57.827
57.671
57.774
58.242
58.636
57.569
57.736
57.969
58.354
57.803
58.349
58.135
57.500
3995.964
3995.049
3995.810
3990.999
3988.094
3991.591
3991.610
3995.968
3995.218
3995.126
3991.611
3996.040
3995.342
3990.695
3996.119
3991.508
16901.837
3992.699
3988.481
3993.242
3991.589
3993.428
3987.940
3995.988
3996.110
3995.860
3990.727
3989.570
3990.300
3968.332
3999.115
3994.560
3987.076
3995.688
3995.884
3992.672
3993.801
3996.725
3994.943
3987.862
3992.901
3996.092
3989.546
3993.148
3994.768
3994.849
3988.837
3998.825
3994.516
3991.343
3997.221
3994.015
3996.245
3992.516
3994.233
3993.586
3995.353
3989.467
3998.718
3996.855
3989.200
3996.236
3998.277
3989.305
3996.424
3999.584
3989.118
3996.189
3998.732
3989.306
3996.483
3998.319
3989.836
3998.361
3996.573
3988.951
3996.133
3997.968
3996.941
3998.406
3989.565
3992.853
3992.466
3994.885
3989.282
3993.423
3996.390
3996.195
3996.410
3998.371
3993.448
3993.077
3996.012
3996.720
3999.079
3990.795
3998.482
3990.878
3993.967
3995.808
3985.344
3996.135
3993.095
3989.235
3996.804
3998.646
3989.341
3996.622
3998.651
3989.617
3992.408
3996.774
3996.123
3996.098
3989.366
3993.695
3998.688
3996.623
3996.250
3990.742
3993.665
3991.735
3995.326
3989.166
3996.719
3998.668
3989.377
3998.931
3997.112
3989.906
3996.559
3998.372
3989.326
3997.018
22.620
24.211
30.536
19.871
21.678
24.986
21.309
19.527
24.846
21.314
19.498
24.186
21.445
20.581
19.708
21.543
24.772
21.490
19.738
24.672
21.281
19.706
24.618
19.161
20.913
24.070
19.271
21.044
24.776
19.178
20.954
20.727
24.704
20.862
20.410
20.455
24.114
20.630
20.236
24.652
20.448
20.059
24.396
20.309
20.243
20.548
24.702
20.852
20.931
24.597
23.331
22.283
19.451
24.750
22.670
20.137
26.153
20.449
20.476
21.126
27.580
20.177
21.042
20.261
24.846
21.069
20.648
24.837
21.101
19.887
24.589
20.940
20.095
24.409
19.040
21.676
25.083
20.844
20.693
21.816
20.104
24.697
19.322
21.165
24.669
21.158
19.427
24.698
21.491
19.856
24.746
20.271
21.307
19.361
21.743
24.869
20.888
20.427
25.247
21.277
19.213
25.750
19.433
21.294
20.971
27.866
20.549
20.663
20.728
23.944
20.393
20.271
24.329
20.472
20.137
24.407
20.509
20.347
20.573
26.184
20.167
20.597
20.198
24.340
20.571
20.100
24.196
20.525
19.992
24.302
20.669
20.147
20.428
24.440
20.020
20.432
20.119
24.262
20.167
19.933
24.287
19.897
19.817
24.430
20.138
19.801
20.650
24.321
20.892
20.875
20.300
24.149
21.569
20.191
24.486
21.010
20.196
24.679
21.013
19.942
24.258
20.938
19.771
19.505
21.278
24.100
21.294
19.481
24.150
20.925
19.238
24.641
21.284
19.561
24.334
20.996
19.311
24.081
19.446
21.118
24.310
20.768
21.115
19.880
21.639
25.434
21.203
19.377
24.985
21.275
19.539
24.152
19.808
21.375
24.176
21.406
18.928
24.078
21.091
19.286
24.141
21.021
20.122
19.566
21.339
24.134
22.719
20.285
25.508
21.891
20.116
24.701
19.667
21.309
24.612
21.158
20.089
20.490
21.043
23.955
20.605
20.527
24.592
20.037
28.912
23.292
24.096
24.056
24.087
23.722
24.092
23.888
24.227
23.725
23.968
24.029
24.400
23.242
24.363
23.482
24.225
23.940
24.250
24.850
24.523
23.576
Elapsed: 0.339523662
Message Size: 4096
