219.079
220.639
242.165
276.224
318.075
395.797
342.601
127.463
260.388
212.261
268.735
159.522
166.429
139.261
213.650
129.662
107.638
170.344
173.297
110.059
202.805
190.717
112.775
273.102
962.969
213.326
286.979
227.054
181.768
206.764
533.245
238.920
238.961
178.974
253.097
252.551
257.834
256.967
257.230
130.790
129.365
161.159
215.716
211.960
209.604
181.027
180.992
182.597
113.556
148.503
199.626
170.785
148.960
173.930
238.240
120.949
127.475
154.559
302.005
246.605
224.901
157.586
207.108
272.661
150.905
148.167
152.519
154.775
207.317
103.989
131.933
130.053
273.024
274.272
275.876
154.123
151.841
191.414
102.358
128.933
110.066
208.983
236.291
280.873
327.424
155.428
300.963
447.679
467.045
505.048
448.931
98.901
465.497
444.748
458.430
460.415
457.815
459.089
102.830
400.152
511.766
450.103
528.491
429.955
247.954
354.335
310.003
224.215
543.610
199.181
282.171
286.505
291.853
293.224
290.971
289.811
391.432
389.224
186.724
134.038
184.736
179.555
178.392
150.583
242.117
197.932
137.170
142.532
135.532
114.586
170.631
174.287
122.684
121.049
165.027
319.622
117.677
171.949
116.732
275.669
183.604
247.573
511.512
235.870
362.863
181.777
111.835
170.528
177.183
179.711
180.819
172.693
170.221
169.571
149.900
205.663
149.157
173.745
154.740
182.700
258.068
247.790
115.773
192.747
228.307
99.560
208.043
363.507
408.065
109.415
488.906
535.842
583.446
473.469
476.545
471.222
111.476
473.932
475.089
490.658
483.804
486.847
487.616
106.005
424.279
548.724
486.239
491.775
484.805
480.598
102.837
486.822
478.288
484.485
475.658
483.849
472.301
108.217
487.092
486.305
482.573
490.378
482.585
489.475
108.925
430.092
543.041
423.111
115.327
506.493
409.830
256.282
319.914
218.548
610.541
115.331
180.692
160.473
132.220
179.762
173.639
174.857
236.393
149.690
151.868
153.069
146.175
144.419
144.164
147.151
199.481
278.460
210.820
175.677
219.141
187.952
232.893
237.586
223.755
222.611
229.584
229.224
235.573
233.858
233.543
233.615
120.037
156.603
148.600
144.671
253.773
233.796
246.174
234.097
193.813
119.907
123.510
131.833
195.272
191.713
195.386
153.732
191.921
219.202
149.240
249.771
164.491
152.075
117.191
244.960
180.415
135.665
188.957
112.746
169.253
195.018
236.856
151.983
134.599
166.066
173.419
161.943
278.396
113.854
168.580
157.702
222.537
180.413
122.934
212.729
184.997
122.059
190.093
183.311
261.107
145.532
210.615
221.410
127.656
216.214
212.477
117.632
187.971
194.263
301.939
159.373
232.985
208.517
138.585
207.672
225.665
118.129
168.332
188.048
238.068
145.034
230.867
229.020
196.632
110.738
197.737
215.653
292.543
143.753
227.183
229.969
187.967
118.560
180.744
202.418
284.227
149.283
215.889
217.893
110.308
191.988
184.918
129.106
298.524
204.702
202.346
185.430
146.924
216.758
126.740
179.139
189.491
242.381
139.506
214.534
230.577
111.624
201.802
198.458
285.614
136.821
224.382
236.053
192.216
128.879
221.869
254.552
174.554
138.322
239.817
207.669
118.083
222.218
189.994
118.352
183.513
204.878
253.857
117.206
195.714
206.932
279.519
149.284
257.934
261.410
133.106
273.748
301.700
301.141
318.510
106.355
316.190
315.369
307.108
304.983
120.145
309.674
322.794
315.773
310.727
115.497
312.977
327.118
308.973
323.402
110.165
320.736
316.592
319.036
314.829
114.772
317.298
315.591
312.607
317.201
117.279
310.697
321.094
316.609
315.936
130.456
331.274
312.793
315.720
315.977
122.515
328.682
314.676
304.240
316.682
107.958
353.939
375.160
381.658
385.981
412.171
108.250
366.630
476.064
415.199
409.556
416.023
115.194
412.470
405.039
404.357
401.068
392.676
94.178
400.043
391.222
396.822
402.504
405.684
113.870
377.065
483.018
415.686
423.239
425.923
343.207
311.291
489.187
288.342
192.539
464.221
268.069
6499.119
187.819
183.879
181.272
175.669
162.504
165.761
185.113
116.647
106.534
127.330
155.872
157.164
194.543
104.103
155.096
148.031
428.787
144.572
132.220
271.858
185.445
206.994
153.489
255.495
253.663
113.203
219.117
225.256
228.786
229.016
226.882
229.372
232.267
200.823
120.845
113.400
147.845
117.961
163.787
119.216
208.569
191.207
189.229
133.210
135.292
121.193
145.128
128.810
122.428
122.762
132.724
175.551
117.764
143.814
179.759
163.803
133.734
200.368
307.344
157.654
208.302
120.333
260.638
244.363
146.333
233.780
230.465
227.867
173.668
305.978
304.309
166.868
199.299
204.268
207.732
211.569
208.517
208.521
118.136
191.501
188.071
185.648
180.931
179.211
180.764
395.914
194.355
144.649
148.624
141.056
138.389
136.907
180.576
127.474
267.192
125.733
127.449
258.915
172.667
159.845
116.077
112.746
138.634
128.128
265.851
254.121
241.627
150.216
249.341
163.101
251.001
251.309
122.257
123.123
181.019
181.013
183.501
234.575
237.328
214.249
128.650
353.344
138.673
195.796
195.620
122.747
202.812
206.943
209.683
210.743
208.938
205.656
164.601
214.585
116.020
200.059
198.619
200.153
202.249
204.347
205.497
194.242
221.742
221.625
155.060
233.721
239.361
238.209
236.686
234.162
178.493
224.440
223.611
218.954
211.398
208.039
206.448
206.695
137.474
169.125
174.717
178.163
170.037
174.980
177.056
169.253
311.428
182.574
186.075
185.097
184.161
184.098
275.442
118.038
113.455
156.011
144.510
130.444
180.149
457.790
129.426
220.632
139.288
99.464
151.018
187.981
126.749
412.751
150.841
148.759
183.375
225.063
180.550
186.205
233.872
268.807
312.873
308.780
233.403
231.988
101.271
158.179
129.070
200.110
184.527
186.108
190.463
182.673
128.818
197.138
184.797
360.383
255.974
253.630
234.167
293.723
137.767
182.886
187.265
188.950
346.678
197.919
200.937
199.551
188.748
190.243
239.942
192.557
192.469
256.668
202.078
206.675
123.898
128.163
149.468
147.860
164.540
169.120
295.874
274.590
272.894
112.837
178.905
168.564
339.095
172.251
324.778
326.934
203.495
127.391
107.919
224.591
225.533
224.334
215.922
214.516
158.297
294.642
177.797
187.097
193.366
195.596
297.409
254.597
224.037
221.966
145.994
142.434
127.524
155.254
119.721
197.394
224.945
137.916
256.833
146.103
179.557
255.465
229.167
148.399
164.322
201.711
202.636
230.337
125.923
149.014
166.336
110.799
207.854
153.359
158.185
225.258
245.246
172.047
156.475
297.050
310.644
103.756
277.177
155.944
156.004
169.972
149.552
225.593
113.902
157.871
277.587
198.322
202.044
178.602
156.434
139.033
189.746
181.955
108.089
150.771
173.655
144.935
198.805
195.359
245.966
120.963
420.228
291.350
143.116
262.305
430.758
120.978
193.442
182.571
227.966
145.427
196.986
194.533
169.836
203.960
93.286
165.331
163.803
161.585
160.012
132.024
227.257
178.270
171.007
156.938
158.977
318.075
197.273
216.303
266.437
239.273
235.232
144.103
214.498
258.995
157.220
271.530
215.973
290.291
106.353
121.751
187.210
189.982
184.905
184.284
167.339
163.829
239.692
155.702
134.547
250.976
209.198
209.546
125.875
274.511
274.537
238.151
183.427
182.344
185.509
187.667
377.989
256.174
254.868
153.855
146.901
169.784
113.809
114.818
167.869
173.078
175.995
324.223
144.501
234.771
203.075
206.534
163.572
149.974
130.811
180.047
122.760
246.668
252.114
173.658
230.263
212.893
205.194
176.177
246.794
130.845
120.690
143.692
338.444
188.451
266.768
114.646
129.979
179.983
180.351
184.290
186.962
246.951
248.958
273.583
139.924
197.711
199.874
197.291
195.228
252.619
193.699
109.170
108.615
182.901
171.266
164.664
207.551
195.008
237.619
283.081
138.109
171.184
153.431
189.911
246.692
242.831
114.600
116.955
162.801
203.753
206.531
171.610
169.663
264.124
269.711
134.506
130.495
190.191
189.413
229.188
269.238
213.785
168.828
163.426
151.429
205.438
225.583
185.177
210.292
342.743
395.508
386.988
297.481
291.077
317.393
144.157
170.362
122.500
155.700
107.361
224.388
137.756
152.253
105.452
180.251
106.093
144.376
117.280
113.276
109.879
144.452
126.718
179.246
115.178
167.033
121.987
106.088
136.359
110.147
102.802
129.639
105.898
122.760
124.585
98.264
114.153
99.299
1049.315
113.399
112.485
111.682
95.866
103.105
150.389
100.324
102.791
112.461
111.438
108.791
99.703
109.274
104.115
106.162
110.124
108.206
110.689
94.676
85.750
89.573
86.509
88.646
90.687
85.276
87.912
90.288
Elapsed: 0.030625963
Message Size: 4096
