11005.856
7068.932
4916.411
4824.068
4310.966
5553.342
5235.314
5544.245
4916.497
5635.098
5326.007
5801.674
5542.245
4146.628
4546.747
5719.554
6904.840
5148.318
5385.462
5636.174
4456.792
4781.339
5107.269
6202.616
6406.758
6174.926
5811.840
8655.854
5081.970
5291.086
4789.494
4695.959
5579.978
5611.248
5121.261
5332.492
4929.535
4774.984
5232.215
5340.900
5803.850
5669.106
4911.847
6056.666
5238.581
5581.815
4808.478
5451.582
5834.464
4285.268
5599.525
4948.843
5636.223
5711.645
4796.337
4648.022
5292.825
6187.901
5964.480
5117.022
5307.183
5360.756
5524.714
4356.664
4932.851
4957.005
4710.812
4899.573
4169.833
6574.165
5936.321
4460.074
6454.907
6762.199
6655.823
4771.829
5545.501
5716.059
6061.032
5273.331
5332.176
4572.805
5222.708
4401.661
5796.164
5067.278
5283.345
5035.691
5315.125
4178.889
4737.109
4987.255
5342.510
4854.009
5004.440
5656.559
4770.789
5278.744
5475.894
5181.491
4824.445
4474.740
2315.443
5887.203
4575.621
5904.242
4886.206
5862.158
2901.398
4857.995
4324.973
5429.383
6310.038
5976.085
5687.725
5541.332
4701.439
4346.322
5515.352
5035.486
5196.862
7734.977
5457.856
5940.154
5144.589
10417.782
6370.377
5833.142
5097.225
5384.434
5746.175
7902.075
5329.330
4765.376
5268.395
5775.377
5543.549
5579.825
5877.890
6538.976
5950.730
5837.847
5286.511
6916.769
6560.013
4626.233
4930.682
5373.899
5442.750
5879.909
5863.737
5344.469
5231.675
4883.964
5485.848
4584.178
5436.469
5202.979
5046.029
5713.273
6492.916
4217.517
5385.946
4513.443
5658.366
5593.862
4908.692
5457.584
5495.448
5932.141
5031.418
5216.204
8293.726
6752.912
4401.479
4458.770
5971.942
6136.697
4926.383
5597.983
7185.537
5541.779
5118.553
4829.496
5263.232
4749.145
5660.091
5454.503
4803.088
4844.274
5081.303
3953.606
4745.290
5034.551
5196.776
5413.365
5721.502
5178.571
5392.484
4263.084
4869.826
5006.533
6371.439
6055.355
5971.942
4137.523
5343.635
5237.658
6413.728
5775.996
5800.050
5396.497
5167.287
5297.720
3593.121
5521.167
4589.960
5538.534
5373.649
5361.758
5398.050
4766.025
5099.781
5109.414
3149.536
4845.086
4066.654
5064.327
3905.058
5337.670
5916.953
7128.119
5541.276
5475.260
6161.116
5394.179
5008.422
5716.041
5773.075
5157.612
7615.611
5343.437
5745.787
5021.606
5305.547
5390.752
5946.338
5814.709
4291.039
4478.455
8831.885
7784.508
6990.306
5908.109
7079.493
5561.911
5473.036
5337.320
4908.863
4925.080
5121.641
5149.651
5283.702
5050.421
5109.113
6655.104
5782.261
4879.888
5671.818
5302.574
6177.589
4865.702
5193.818
6170.165
5627.058
4913.054
6086.513
5347.684
8023.843
5392.630
4450.116
4514.959
5024.593
4601.508
5261.954
6110.784
5302.541
5447.395
6323.397
4853.029
5494.878
5208.656
8915.130
5589.951
5526.982
4863.810
6233.994
5115.390
5472.790
4963.540
5137.470
5309.861
4967.865
5445.514
3723.025
4518.732
5798.824
5505.737
6330.855
5849.525
5265.504
5199.715
4181.869
5262.084
4765.496
5727.094
4915.327
5383.503
4678.853
5989.578
5686.309
7370.625
4408.501
5948.115
5166.631
5167.712
5099.263
4677.575
5356.830
5993.050
6158.285
4422.016
5036.868
5894.858
4778.501
6501.369
5591.553
6419.398
5490.895
4525.706
5604.088
5898.811
6863.028
5417.660
4567.713
10639.213
4909.854
5423.542
5602.721
5594.105
6514.333
9208.675
5114.254
5483.139
6576.661
5109.169
4967.373
5589.828
5166.445
6709.598
4856.020
5008.750
4054.885
5573.992
4959.341
4891.925
6892.484
4467.506
5186.416
4561.890
5377.080
5437.855
4808.426
4247.677
4415.736
10422.163
6024.484
5392.946
4926.238
4755.650
5474.988
5368.248
5347.665
4686.233
5028.877
5840.197
5509.805
7116.020
6015.457
6394.085
5615.178
5391.888
5004.384
6188.549
5928.393
4374.892
5306.464
5547.583
5676.903
6311.636
5434.312
5632.382
3037.702
5398.910
5535.632
4801.117
4776.448
5542.763
5228.739
6017.927
4642.099
5940.218
5715.165
5089.387
5303.882
5860.977
6459.247
4909.314
5449.995
5071.014
5911.302
5341.664
8090.097
6244.007
9491.183
4882.578
5499.836
4232.671
5633.537
4714.143
5554.300
5521.044
5052.406
4570.227
5147.476
5504.292
5050.499
5599.558
4176.073
5903.538
5096.871
5356.986
5015.064
5086.400
5509.969
6367.452
5843.028
2744.213
4871.089
5102.579
6226.644
6347.001
5698.536
5593.684
7992.946
5872.890
5462.945
6125.063
5543.552
5725.693
5656.909
5396.128
7042.613
4545.193
4000.910
5230.635
5610.161
5088.650
5133.353
4875.127
5184.151
4898.652
5082.116
4235.990
5279.791
4832.044
5509.660
6231.859
4941.687
5787.220
5318.504
4526.112
5748.145
5636.368
6418.351
4799.984
5894.940
5494.293
5318.206
5243.912
4895.393
4833.657
4429.016
5065.318
4887.894
5650.841
5951.140
4400.719
4995.380
3868.267
9882.301
5853.347
6150.495
4446.208
4874.345
5661.696
5404.506
5063.970
4942.957
4691.206
4982.457
5753.651
9669.092
3968.064
6006.293
7252.835
6441.105
6736.945
5831.759
6016.344
5626.794
6559.551
4939.083
5923.942
4870.381
5649.120
5063.046
5536.016
6026.853
5686.779
4770.879
5016.584
5613.111
5641.498
5213.298
5149.782
4573.975
5919.147
5391.806
6110.243
5289.603
4713.379
5833.808
6097.507
5611.785
5823.009
5419.251
5690.955
4945.308
4265.551
5758.811
4848.525
5801.897
5119.961
6365.299
5497.891
5540.270
5342.782
6060.064
4945.416
6231.710
5736.373
5547.114
4888.851
5520.314
4891.310
5378.198
6442.748
5524.378
5749.345
5641.453
5272.176
4968.043
4639.328
5603.414
5655.210
12508.500
5731.665
5461.562
4899.621
6503.418
4751.723
5570.538
5910.844
4964.590
5125.105
4478.339
5401.686
4217.472
5027.745
5511.012
5902.417
5195.566
4090.231
5091.041
5439.509
5706.489
6866.626
3071.163
5153.410
4841.931
6260.499
5101.811
2752.654
6146.155
5079.977
5419.914
5912.021
6035.194
5323.905
5490.348
8793.544
4620.221
5448.006
5861.130
4219.677
4949.652
5692.489
5644.541
5942.173
5307.626
4885.398
4101.768
4306.234
2056.584
12090.139
6914.444
5322.758
5326.085
6479.986
6840.561
4028.834
5785.678
5207.423
5533.479
5786.519
5039.308
8785.617
5142.920
6595.910
4874.729
4971.880
5769.495
6110.936
5452.566
5371.772
4451.752
6189.421
5746.879
5392.049
6030.656
5949.646
6794.680
4731.782
5325.504
4146.330
4000.854
5511.247
4956.316
5930.651
5798.928
5630.884
5268.142
5478.594
5737.316
5483.232
5358.316
6033.808
5553.123
5119.555
6011.531
7359.657
6266.732
5165.383
5486.317
5582.575
4173.264
5035.572
5019.199
5543.415
6226.126
5584.087
5521.089
5780.064
5172.018
5610.794
5007.710
5238.563
5202.048
5866.937
4749.201
6015.863
5890.332
6874.897
6306.734
6247.010
3329.899
6726.574
5845.860
5858.831
5419.198
5519.770
5741.786
4629.970
5118.780
5792.599
5834.270
5604.714
5698.100
5582.791
4716.899
4761.837
4356.325
5177.528
6682.724
5828.649
5958.330
4231.490
8178.577
5006.734
5567.782
5388.387
6403.185
5228.490
6069.273
5433.612
5975.861
3784.541
6148.603
5153.913
5657.755
4977.342
5356.930
5776.133
5227.059
4600.406
4500.605
4886.650
5698.755
5645.607
5434.453
4863.173
4961.733
5640.212
5111.042
5099.081
4341.912
3535.230
3790.133
2134.066
10992.665
6458.797
5171.515
4788.507
5296.104
5361.032
6003.935
5669.966
5479.187
5572.792
5683.646
5328.584
5960.789
4388.619
5126.573
6087.646
6676.398
5797.770
6227.069
6788.116
7300.682
5804.088
5596.992
5880.535
6044.265
6810.348
6743.889
7305.879
5104.680
5180.843
4772.265
5439.941
5522.083
5900.886
6063.011
5190.581
5450.252
5832.359
5112.935
5420.268
5971.063
4820.630
4962.184
5410.321
6053.016
3860.336
5563.125
5949.486
4605.103
5700.648
5160.239
4875.522
5339.779
5580.366
5880.844
5239.155
6228.544
4969.019
5743.738
5360.324
5034.484
5746.815
4968.084
4651.211
4846.856
4651.483
5408.637
4984.636
4356.470
9219.989
5777.329
6164.074
4275.061
5328.186
6473.951
4916.359
4948.720
5048.811
4540.794
5622.093
5259.115
5777.225
5536.750
5119.611
5391.851
5356.148
5694.088
7336.341
6286.420
5169.231
6009.530
5551.595
5425.952
3828.168
5452.391
5285.300
6483.957
4572.928
5304.586
4393.391
5965.699
5661.484
8015.480
5693.506
5196.374
5893.923
6280.877
5812.183
5439.788
5538.322
5614.582
5558.815
4959.267
5388.215
5583.715
5519.710
5493.406
5373.199
4917.592
4871.137
4895.169
3890.537
4558.731
1871.563
1681.831
11436.146
7075.641
5043.179
5988.885
4721.370
5724.262
6100.666
5077.597
5564.261
5163.129
5769.487
6077.208
5090.859
5661.815
5193.848
6915.599
6627.042
5766.213
6051.734
5511.612
5569.965
9298.701
5237.430
5298.663
5661.912
6382.581
4749.298
4821.051
4486.736
5566.180
5685.557
5012.430
6160.006
4681.859
5503.997
5388.454
4505.269
8767.031
5493.186
5750.179
4427.027
6202.117
5003.966
5480.379
5240.522
6081.004
4056.573
6676.987
8236.334
12432.933
5328.804
4893.817
5894.773
4859.291
6305.736
4874.855
4839.767
5122.598
5601.723
5055.167
5230.419
5151.674
4956.946
5066.056
6742.444
4711.207
4374.027
4573.260
4379.030
5674.388
5345.240
5834.691
4752.174
5666.018
5529.903
6152.038
5734.984
4199.807
5772.669
5143.449
6112.803
5397.964
5102.422
6781.191
8278.999
4387.215
4989.199
4874.434
5872.831
5603.984
5462.375
5992.219
4057.135
4335.094
5184.028
5820.822
6936.911
5644.873
4968.811
5904.399
4913.542
4602.496
5622.998
4803.274
4667.051
5700.395
6250.072
5796.406
5062.930
5097.128
5701.970
5530.313
5791.903
4872.616
5526.792
5624.887
9067.059
5164.284
5478.751
4070.058
5067.889
3858.492
3112.800
2705.328
1532.767
Elapsed: 0.836620379
Message Size: 262144
