416157.182
415929.124
415879.734
415789.805
415689.062
415499.382
415398.642
415291.507
415187.303
415081.561
414975.390
414870.102
414766.543
414641.976
414534.491
414428.592
414323.274
414217.040
414111.596
414006.617
413898.636
413795.657
413689.639
413583.785
413479.354
413374.618
413269.497
413165.689
413062.986
412957.631
412853.587
412743.866
412641.168
412536.420
412381.209
412249.386
412141.804
412038.255
411932.796
411835.976
411732.048
411622.155
411514.595
411411.494
411306.210
411203.798
411100.708
410905.350
410799.176
410693.284
410588.298
410483.509
410379.395
410273.388
410168.979
409686.740
409578.107
409471.881
409364.466
409260.526
409154.240
409048.986
408944.912
408840.589
408688.173
408581.428
408476.319
408364.870
408256.337
408149.473
408044.145
407938.961
407833.938
407727.703
407618.824
407514.311
407410.078
407302.734
407198.019
407092.720
406990.200
406885.244
406779.923
406675.827
406570.759
406467.777
406361.554
406257.845
406064.693
405960.876
405830.491
405694.082
405540.448
405432.943
405328.844
405224.998
405086.368
404942.203
404835.213
404729.757
404627.070
404520.802
404414.929
404306.959
404203.895
404097.904
403984.804
403879.259
403775.282
403671.592
403566.748
403463.621
403361.138
403253.242
403148.826
403045.621
402941.063
402835.011
402733.292
402626.622
402521.305
402416.226
402310.252
402207.710
402104.206
401998.412
401894.893
401792.590
401597.004
401488.949
401295.368
401193.589
401092.958
400992.986
400891.863
400792.211
400688.324
400557.309
400454.447
400354.207
400253.858
400151.830
400051.728
399951.000
399850.324
399745.926
399642.855
399542.350
399441.265
399339.288
399239.790
399138.793
399039.578
398935.560
398833.871
398731.153
398629.561
398528.788
398428.764
398328.729
398226.954
398126.807
398024.458
397922.821
397820.324
397653.565
397551.797
397451.445
397352.334
397163.492
397056.352
396954.510
396854.099
396753.237
396652.468
396552.317
396452.021
396350.820
396221.932
396119.427
396019.969
395918.682
395815.019
395715.494
395616.196
395513.374
395410.329
395309.065
395209.923
395111.922
395015.121
394915.096
394818.604
394718.658
394618.616
394520.819
394423.038
394326.027
394227.602
394036.554
393936.839
393836.543
393736.467
393637.750
393540.882
393442.202
393344.514
393247.742
393150.445
393049.199
392864.175
392764.200
392664.552
392566.469
392467.242
392368.063
392270.144
392169.818
392067.891
391944.129
391840.525
391740.363
391640.186
391540.833
391442.627
391344.335
391242.418
391143.739
391036.198
390851.080
390753.623
390653.361
390554.383
390417.978
390318.215
390220.288
390119.903
390021.138
389922.500
389824.741
389726.568
389617.797
389517.289
389419.004
389321.268
389221.892
389125.478
389028.352
388930.131
388829.250
388728.801
388631.731
388533.305
388433.680
388317.373
388167.106
388069.272
387967.393
387865.845
387769.096
387645.010
387544.755
387445.930
387345.593
387247.566
387146.011
387046.590
386949.070
386813.514
386713.739
386614.177
386515.211
386411.536
386311.222
386126.205
386027.999
385930.017
385830.864
385732.904
391005.617
390930.977
390834.738
390737.288
390640.371
390542.980
390449.911
390349.738
390251.007
390153.348
390073.150
389987.931
389902.338
389816.981
389721.416
389627.006
379430.357
386041.105
384454.422
388257.515
379406.888
382733.487
390022.188
386434.037
380982.630
386098.240
383948.173
390578.531
380961.321
388986.956
389884.431
380896.103
383926.038
386106.513
391839.642
381597.593
388522.431
384649.388
381921.336
390261.795
387344.725
393709.991
383302.663
386545.137
390445.359
394539.636
383266.576
388774.052
386504.859
392725.054
383214.142
391759.023
394010.216
383656.394
386971.023
390216.928
391913.611
387849.249
384571.318
396780.245
395518.363
384496.178
390218.332
393608.920
388167.735
386264.596
393787.477
396159.716
386203.721
389618.199
392046.332
389520.947
386130.858
389428.198
397845.276
386057.943
397005.212
393803.190
393375.766
390755.184
387323.517
396573.342
400362.480
387247.469
397603.307
390716.691
393288.083
387180.552
395176.042
396547.630
391173.940
393840.857
389330.912
401905.939
397336.613
392836.638
389289.334
401259.545
399873.741
395438.984
389225.375
392766.047
398811.411
389148.448
400791.969
395393.349
392708.525
389077.708
398678.862
403644.595
400105.450
390329.026
393988.088
396697.655
398662.042
390272.964
403139.934
393950.079
402179.271
390225.697
398594.379
403290.529
392087.538
395854.365
400625.724
402139.328
392031.923
395795.062
398610.737
406177.651
391965.594
403304.864
398542.490
395750.690
391897.406
400634.844
402149.118
395682.741
405316.755
404714.286
399962.749
393171.698
397078.272
402058.132
407560.691
393104.244
399931.110
393033.072
394434.225
394348.588
394255.642
394162.398
394068.502
393970.583
393790.398
393695.012
393599.097
393502.958
393407.069
393308.237
393207.971
394162.655
394068.498
393969.301
393871.896
393773.913
393674.333
393573.307
393478.576
393393.401
394177.977
394084.465
393987.153
393890.336
393792.562
393694.844
393719.219
394313.887
394224.636
394126.054
394028.820
393932.130
393835.790
389768.381
389672.473
389573.738
389475.595
394190.762
394325.834
394234.233
394576.885
394487.619
394391.879
395126.581
395038.247
394939.952
394757.610
394657.228
394573.685
394443.233
394933.764
394853.055
394756.231
394659.549
397119.284
397041.339
404077.027
396969.680
396875.076
396778.416
396676.175
396574.374
396475.881
396378.405
397155.859
403237.555
397093.073
396998.014
396901.075
396805.409
401445.590
400671.601
396307.439
397243.328
397127.762
399696.376
397042.029
396943.618
396841.172
398636.799
397441.864
396762.133
396662.448
396853.562
396760.557
397212.345
399145.316
399626.348
399777.632
399684.329
412036.609
412063.159
413942.873
413862.959
414210.554
415480.748
416610.837
416803.006
417617.120
370906.919
419010.770
419376.522
419634.815
419848.230
420711.886
420997.832
421207.596
421348.963
422537.565
422554.746
423585.955
424083.233
424396.683
424634.218
424898.915
425149.601
425368.443
425578.598
425750.680
425587.382
425769.366
425995.097
426276.490
426466.208
426682.025
426909.935
427113.015
427406.423
427614.965
427733.455
427952.848
428182.356
428366.777
428576.741
428817.946
429017.607
429258.134
429463.815
429733.239
429936.133
430122.603
430290.945
430502.661
430719.297
430959.031
431166.749
431373.406
431578.677
431774.251
431991.681
432192.381
432410.434
432685.986
432819.162
433038.227
433261.953
433425.784
433629.435
433888.376
434056.237
434231.434
434519.686
434690.442
434934.024
435193.315
435390.424
435587.786
435760.248
436032.943
436248.783
436471.760
436589.189
436751.075
437027.160
437242.776
437451.705
437705.047
438798.096
438923.262
439459.726
440416.280
441155.463
441353.686
441547.275
441753.227
441933.550
442162.655
442374.397
442553.051
442677.129
442924.079
443138.074
443373.568
443552.203
443802.819
443988.558
444190.498
444393.046
444587.890
444775.496
444999.196
445165.318
445308.551
445519.269
445695.072
445899.405
446180.224
446372.803
446594.361
446809.787
447007.906
447218.653
447337.568
447490.264
447687.354
447912.578
448094.927
448370.397
448578.272
448786.769
448981.479
449186.098
449394.256
449587.960
449819.680
449951.649
450169.496
450380.053
450661.048
450859.241
451070.342
451299.522
451559.406
451793.667
451986.372
452403.925
452634.066
452854.753
453062.423
453288.563
453508.873
453729.004
453947.444
454189.271
454392.865
454592.969
454764.791
455869.704
455970.936
456815.653
457452.152
457672.093
457876.034
457999.110
458169.192
458426.859
458717.011
458932.932
459112.614
459308.967
459493.272
459705.140
459951.438
460110.184
460314.509
460512.817
460701.507
460971.449
461147.308
461353.194
461555.004
462043.826
462255.687
462523.982
462737.467
462898.344
463077.314
463295.601
463556.204
463767.089
463907.730
464103.755
464335.535
464505.959
465286.367
465523.206
465750.422
465915.684
466097.467
466303.565
466509.536
466712.136
466905.367
467107.955
467212.912
467391.238
467598.610
467786.156
467968.803
468183.566
468415.335
468627.494
468822.245
469037.242
469235.957
469448.876
469646.800
469844.457
470047.873
470214.039
470382.895
470628.273
470838.040
471060.634
471269.008
471484.490
471616.287
473617.733
473728.392
474508.055
475188.911
475402.139
475615.036
475852.959
476017.844
476232.298
476371.095
476729.020
476907.581
477183.137
477577.817
477748.428
477946.930
478146.300
478336.815
478549.164
478588.473
478799.280
479008.641
479213.849
479484.428
479766.395
479987.994
480207.961
480409.577
480607.320
480754.625
480956.197
481154.669
481407.296
481624.026
481861.562
482058.737
482282.184
482502.799
482706.226
482864.041
483074.885
483330.999
483493.976
483701.378
483989.559
484176.308
484433.893
484666.307
484868.575
485020.503
485261.519
485514.686
485675.495
485931.899
486170.448
486520.428
486762.904
486950.599
487209.138
487461.112
487604.104
487772.305
487984.866
488195.714
488477.107
488672.316
488893.759
489065.409
489304.904
490513.153
490604.762
491394.904
492012.400
492235.787
492466.256
492679.015
492921.982
493180.584
493403.398
493569.743
493776.064
493995.368
494215.295
494489.145
494715.970
494913.116
495134.514
495373.849
495599.519
495804.891
496023.174
496223.830
496429.015
496655.401
496815.037
497096.170
497259.621
497470.628
497708.362
497850.161
498588.048
499104.522
499319.389
499537.662
499726.437
499902.271
500044.934
500250.552
500456.236
500740.074
500906.974
501189.530
501400.575
501610.491
501829.382
502040.941
502235.934
502383.094
503006.276
503581.729
503807.832
504144.572
504337.911
504541.311
504746.094
504956.875
505175.386
505343.191
505549.937
505774.125
506020.777
506146.841
506377.395
506662.041
506863.866
507083.103
507260.583
507465.243
507728.543
507912.654
509878.304
509974.591
510712.914
511313.468
511532.746
511750.735
511964.828
512171.593
512395.628
512577.090
512842.435
513060.916
513278.730
513500.150
513709.787
513920.102
514143.344
514390.126
514536.161
514754.973
514967.486
515244.622
515474.014
515678.536
515914.775
516134.556
516357.910
516563.769
516719.267
516923.774
517123.125
517318.424
517511.219
517726.921
517994.191
518217.281
518452.041
518677.745
518907.774
519139.007
519379.295
519603.848
519778.233
519991.752
520214.036
520416.413
520728.517
520948.034
521151.226
521363.400
521567.840
521784.496
522159.528
522332.888
524962.682
525164.887
525305.763
525915.533
526511.718
526751.205
526999.537
527160.432
527363.453
527528.290
527804.658
527890.075
528535.780
529132.709
529365.718
529542.435
530704.491
530728.783
531541.914
532168.407
532400.168
532610.696
532833.047
533079.930
533297.833
533606.958
533843.603
534114.495
534278.445
535416.234
535650.097
535852.615
536076.199
536308.214
536538.038
536767.412
536985.707
537145.335
537369.482
537642.431
537851.401
538011.320
538234.424
538528.476
538776.159
538990.013
539226.562
539456.900
539687.049
539915.014
540244.214
540464.804
540640.771
540855.747
541090.276
541388.858
541620.743
541938.860
542092.938
542736.970
Elapsed: 0.661455445
Message Size: 262144
