5228.423
4737.245
4615.104
4808.624
5192.006
3719.452
4139.252
3256.791
8570.697
3189.251
3295.684
3199.573
2943.469
2620.997
2393.898
2400.324
2650.646
2414.768
2376.226
5339.023
2289.674
2482.093
2498.961
2432.259
2392.351
2481.447
2614.482
2630.844
2748.866
2393.556
1794.903
1886.924
3376.851
2850.560
1847.544
1863.097
2689.637
2005.042
1981.083
3230.031
2418.385
2174.936
3274.054
1860.605
1766.069
2777.739
3563.575
2012.116
2127.511
1523.639
2374.887
2200.519
2296.104
3479.104
3475.299
2493.603
2461.453
2536.092
1705.759
1724.210
1830.361
2172.678
1944.068
1825.002
1742.350
1808.428
1799.850
1829.818
1322.397
1553.236
1410.887
1390.918
1437.145
3072.366
2521.954
2332.846
2168.194
2146.214
2159.363
2000.745
1907.085
1037.445
1931.317
1365.771
1189.181
2571.229
1554.569
1572.132
1521.821
1626.196
1701.169
1611.119
1678.756
1551.910
1394.569
1476.906
1474.605
1396.770
1831.766
1910.375
1931.613
1923.711
2007.129
1854.105
1931.821
1926.256
1404.715
1458.037
1432.331
1635.827
1383.132
1324.691
2611.227
2680.155
2153.658
1714.996
1671.125
1456.107
1438.602
1433.757
1635.045
1601.796
1630.254
1184.755
1231.786
1802.498
1850.174
1864.603
1381.607
1258.455
1217.055
2210.107
1371.782
1354.399
1439.952
2007.345
1600.210
1407.125
1370.447
1394.970
1476.131
1376.343
1194.695
1456.460
1402.542
1402.257
1327.447
4055.938
2470.493
3290.106
1213.958
1948.019
1245.442
1220.060
1399.965
1341.621
1483.423
1292.089
1414.305
1423.494
1438.987
1418.528
826.029
986.802
1923.708
1972.334
1407.838
1380.313
1590.986
1703.513
1040.595
1122.662
2357.018
2365.063
1930.441
1862.243
1712.298
1714.705
1734.109
1860.333
1565.976
1617.674
1496.114
1514.894
1549.212
868.722
2138.557
2033.704
2053.567
2066.546
2071.322
2227.427
1341.614
3787.912
1637.417
1635.871
1613.064
1481.766
1488.634
1325.301
1466.245
1374.787
1367.411
1046.319
1082.677
1057.101
1833.957
1458.565
746.148
1291.255
1595.461
2125.256
1681.213
2401.414
944.334
956.850
2082.513
1756.540
1483.468
3452.647
2048.876
2585.313
3539.233
3970.804
1183.374
1244.782
829.507
2011.983
2187.333
2009.043
2155.659
2227.340
2282.932
1268.030
2289.005
1631.755
1633.661
1760.271
1582.158
1575.106
1461.171
1616.377
1437.858
1582.535
1613.540
1587.627
1591.725
1534.290
1525.216
1774.623
1824.139
1737.485
1559.169
1621.856
1680.283
1807.763
1783.113
1483.598
1599.981
1591.782
1553.697
1211.774
1178.963
2258.322
1139.812
2148.213
1951.500
807.263
1405.047
1897.631
1164.891
1941.169
1822.077
2378.832
1267.234
1363.828
1210.187
4055.883
2573.166
2651.675
1266.349
1407.923
1396.565
1569.588
2849.242
1820.355
1965.254
1900.802
1765.496
1691.065
2029.463
1835.958
1889.795
1738.150
1606.579
1493.566
1617.204
1680.503
1331.463
1326.339
1206.436
1331.476
1362.816
1628.401
1499.809
1317.552
1466.159
1635.215
1646.931
1640.450
1411.078
1387.494
2923.208
1590.178
1650.787
1618.367
1603.614
1711.376
1818.564
1824.216
1766.639
1899.131
1676.716
1722.360
1626.909
1520.101
1396.399
1420.814
1265.070
1186.361
1444.511
1389.410
1382.665
1390.665
1401.030
1420.546
1384.440
1337.269
1228.649
1433.554
1544.749
1536.545
1580.336
1577.657
1623.174
1337.111
1163.055
1015.399
1199.396
1254.370
1370.436
2505.934
2492.034
2496.925
2523.841
4330.779
1484.784
1415.264
1384.455
1380.194
1541.025
1490.715
1564.885
1502.435
1513.201
1539.676
1453.427
1342.595
1194.151
752.080
1619.625
1885.981
1567.926
1571.252
1810.415
2172.756
2020.495
2157.023
2195.095
2417.670
1924.657
1175.797
2225.430
3570.784
3808.187
3837.410
1756.123
1592.919
1707.876
1630.984
1641.691
1587.727
1493.639
2788.996
973.312
939.456
931.455
2098.261
2033.819
1871.844
1720.516
1144.998
990.131
2059.408
1679.164
1546.541
1427.629
1614.103
1662.141
1410.606
1031.419
1663.300
1663.660
1322.972
1250.886
1946.649
1237.776
1165.631
1740.171
1791.029
1830.412
1942.505
2124.746
2377.319
2341.972
3633.383
1777.900
1512.965
2318.264
2129.178
1965.832
1875.819
2089.525
2198.416
2361.315
2059.259
2735.079
2068.301
2117.048
1925.923
1899.840
1741.144
1648.419
1400.439
1554.523
1487.384
1479.533
1412.336
1365.171
1411.898
1432.726
1414.831
1394.614
1496.262
1489.309
1596.176
1488.098
1436.221
1543.631
1498.169
1508.644
1355.648
1349.492
1195.351
1292.132
1186.810
1222.534
1886.374
1337.046
1170.932
2173.493
2307.926
2248.488
1526.865
2109.458
2108.346
1005.404
1725.568
976.811
2004.158
1545.111
1090.285
1081.628
1631.368
1620.250
1590.559
1531.175
1195.437
1681.768
2447.639
1513.693
2010.050
1741.483
1096.990
1175.840
1164.362
1854.159
1831.962
1238.268
1237.544
1128.163
1627.776
1544.089
1596.394
1768.595
1778.374
1802.803
1855.314
1661.339
1125.842
1318.959
1433.727
1554.257
2858.224
2833.840
2838.684
2913.914
2874.193
1623.056
1503.031
1435.264
1432.187
1417.158
1251.373
1192.067
1175.357
983.646
1225.719
1334.415
1441.254
1409.398
1470.385
2598.047
2630.685
1495.974
1272.549
1139.911
1290.363
1513.691
1450.550
1191.688
1872.912
1723.689
1707.886
2354.836
1125.319
1349.983
2175.332
1230.609
1722.923
1273.399
1815.089
1905.697
1707.938
2301.796
1530.417
1494.381
1432.612
1436.716
4348.411
1569.215
1369.952
1158.289
1790.490
1981.241
1924.189
1725.974
1959.836
1288.052
2811.560
1504.442
1410.112
1465.444
1528.470
1575.161
1768.714
1810.553
1726.038
1739.413
1563.364
1349.908
1277.348
1286.878
1198.583
1425.801
1381.619
1447.032
1940.756
1712.815
2212.829
2151.575
3492.099
1879.642
1794.193
1856.837
1793.555
1871.932
1573.268
1630.046
1511.507
1658.398
1577.202
1517.143
2111.646
1908.960
1706.233
1678.327
2305.888
2248.393
2243.775
2289.271
1752.840
1642.422
1637.166
2374.675
1441.498
1113.671
1742.092
1379.360
1353.892
1191.255
2692.933
1448.898
2536.283
2007.523
1015.089
1085.766
2406.018
2549.078
2199.050
2356.949
3311.238
2482.827
1364.865
1419.013
1658.476
1651.853
1866.180
1869.680
1872.681
1782.997
1775.166
1629.142
1570.951
1104.974
1131.817
1235.280
1218.099
2644.875
2603.434
2580.966
1591.991
1694.679
1675.832
1769.621
2851.065
1651.679
2009.625
1859.591
1777.437
1703.580
1685.679
1720.316
1734.439
1878.586
1474.431
1554.754
1518.465
1642.488
1540.507
1437.641
1439.037
1662.172
1663.034
1528.721
1581.061
1458.919
1549.957
1687.376
1683.691
1459.321
1422.898
1415.136
1343.621
1517.136
1692.753
1616.514
1727.390
1564.005
1624.950
1730.159
1569.289
1713.265
1445.003
1406.927
1306.998
1328.294
1218.653
1063.426
1511.458
1396.181
1362.981
1433.465
1521.030
1549.432
1582.190
1119.440
1033.599
1043.711
2184.039
1329.383
1353.746
1412.348
2542.234
2438.783
2432.193
2011.088
2655.602
1410.212
1499.762
1440.370
1895.249
1939.192
1878.733
1685.156
1817.150
2067.512
2005.144
1945.779
1522.268
1594.276
1784.338
2078.417
1897.883
1629.355
1702.833
1352.442
1225.602
1074.020
2476.671
1338.233
2170.018
1467.669
2349.911
4209.494
2612.002
2749.595
2843.777
3202.833
2198.277
1969.749
1921.562
1684.381
1793.792
1832.321
1421.594
1335.776
1354.568
1375.263
1416.686
1548.298
986.343
1745.396
1580.222
1815.616
1927.397
1934.496
1953.684
1643.847
1780.466
3341.996
2371.984
1709.361
1602.530
1530.299
1420.569
1531.577
1494.586
1514.348
1605.967
1385.439
1381.838
1352.961
1453.514
1491.111
1437.729
1564.047
1471.045
1365.297
1381.382
1325.747
1437.308
1296.614
1454.774
1301.419
1371.335
1403.225
1486.436
1651.926
1591.148
1585.385
1430.935
1464.179
1386.987
2124.326
2115.447
2039.774
1982.354
2225.432
2273.082
2339.762
2305.869
1561.125
1460.229
1398.380
1399.144
1231.454
1208.871
1607.482
1733.545
1751.740
1814.693
1724.924
1766.485
2866.100
2920.367
1321.013
1335.783
1435.839
1639.282
1573.516
1665.462
1786.050
1678.849
1772.732
1633.821
1469.235
1280.919
1303.262
1299.059
1323.921
1298.232
1339.981
1437.291
2773.388
2749.053
2921.730
1472.868
1869.798
1850.773
1918.943
1832.413
1709.735
1831.073
1809.283
1857.365
1476.900
1633.098
1640.884
1706.060
1708.275
1471.173
1448.221
1488.439
1294.836
1375.157
1303.474
1533.477
1543.991
3033.211
1593.065
1591.227
1746.084
1619.142
1600.570
1453.821
1564.138
1444.990
1412.216
1499.565
1356.192
1274.916
1287.354
1246.765
1201.980
1707.678
1595.710
1645.816
1616.636
1749.040
1744.229
3086.113
1887.546
1420.375
1552.347
1487.053
1630.535
1478.870
1467.854
1505.929
1479.714
1273.080
1438.931
1442.658
1569.777
1699.358
1709.565
1765.739
3125.381
1771.357
1592.826
1487.458
1632.358
1501.983
1374.014
1452.123
1534.313
1443.755
1471.854
1421.515
1303.699
1214.163
1165.406
1389.628
1416.582
2396.586
2402.603
2238.613
2176.970
2257.868
1347.678
1489.608
3781.547
1401.625
1501.618
2464.129
2245.938
1323.744
1179.953
1161.952
840.493
1713.056
2046.877
1634.798
1942.626
2180.350
2517.366
1571.451
1557.113
1505.445
781.479
1028.738
2781.460
2575.322
1642.503
985.988
1124.930
1980.226
2297.188
1467.802
1854.157
3126.007
1163.031
1709.106
693.259
1725.318
1344.294
1355.086
600.145
984.633
967.304
909.579
1511.781
1509.240
664.926
675.540
1153.560
910.490
687.193
762.539
651.844
604.171
1368.481
593.439
661.687
780.576
690.585
618.942
556.609
609.420
591.726
502.075
554.897
634.772
960.889
657.018
621.694
716.579
831.776
538.434
Elapsed: 0.232723249
Message Size: 262144
