5620.202
5922.659
6005.481
6110.971
6219.109
7522.083
10611.355
11503.753
11604.681
11682.986
11728.682
12308.241
12438.623
13159.198
14696.215
14766.371
17211.913
17256.301
17482.222
17934.256
18570.149
30476.543
31216.875
31377.795
39271.582
40842.061
43795.601
45450.958
45588.207
45788.667
45794.728
46526.474
46671.398
55450.128
55642.717
56505.883
58265.194
60850.904
67806.666
67785.894
69226.666
71041.163
74451.883
74536.416
74506.574
74634.785
74991.207
75142.627
75245.966
75096.715
75342.743
75412.469
75416.105
75336.817
75378.500
75570.790
77942.784
78291.249
79366.057
79462.163
80434.812
80761.294
80844.333
83247.707
87175.789
88512.550
90486.575
92922.948
95032.426
98997.050
99597.562
99647.924
99716.537
99602.696
100182.108
103024.827
103649.900
103211.478
103274.881
103349.401
106761.483
107371.431
107503.582
107523.680
107692.684
107903.164
109004.980
109002.174
109159.760
109127.501
109238.810
109425.807
110224.015
110413.372
110473.401
110556.369
111718.164
114106.494
115705.510
120870.488
123613.528
125214.080
127636.364
130775.626
131061.757
131936.661
131946.896
132463.801
132307.804
132367.004
132495.217
132568.139
133038.654
132730.744
132779.523
132850.471
133680.263
133792.009
133637.334
133812.346
133860.157
133758.487
133814.531
134034.984
135221.793
135416.137
135470.221
135600.419
135588.835
136623.018
136646.649
136842.245
137658.138
141378.460
143257.790
145349.424
145773.806
145828.089
145880.356
146602.468
146684.572
148013.066
149502.800
149627.112
149689.920
149745.546
149756.436
149802.676
149687.975
150470.932
150750.622
150819.259
150921.460
151284.167
151752.147
152201.242
153121.017
153562.758
155750.110
161928.721
162144.793
162609.404
162977.302
162904.519
163962.028
164865.547
167085.509
169635.559
174419.913
176748.369
179298.262
181625.927
184193.289
184881.457
184970.225
184562.867
185043.174
186394.223
185447.631
185506.406
185535.224
185605.874
185632.911
186764.668
185764.553
187002.408
185861.904
186951.069
186963.204
185977.413
186018.768
187105.728
187181.262
186224.257
186269.221
186918.061
188094.991
187495.529
190773.029
190596.967
191728.225
191774.851
190775.777
190804.742
190868.516
192018.201
190965.080
190895.636
192276.959
191391.315
191943.707
191399.850
191472.374
192054.051
191921.462
192744.253
192776.281
193226.963
193742.190
193738.373
195109.155
195435.570
197071.130
196213.396
196142.520
196075.238
196449.181
196202.204
196631.254
197363.919
197435.512
198106.174
198163.616
198644.533
198697.316
198761.357
198786.562
198517.431
198879.891
200160.102
200853.725
200893.780
201202.523
201242.581
201000.510
201195.754
203298.478
203684.537
202939.074
202916.711
202708.545
203626.012
203782.656
203701.733
204170.927
204328.888
204697.385
204512.696
205411.398
205600.868
207686.114
207731.417
207214.830
207232.049
207631.174
208174.960
208234.081
209923.833
208289.610
209304.886
209451.584
209488.934
210180.816
210360.917
210441.418
210594.286
210646.622
211415.614
211549.878
211842.865
211956.491
212882.046
213406.042
213477.518
215308.111
213937.765
213946.161
213996.486
215085.063
216930.625
215168.973
215202.973
215996.296
217842.356
216185.220
216358.775
216391.759
218899.265
217246.515
219724.224
218566.140
220500.074
218724.509
220855.525
219472.133
219570.410
220380.945
220409.453
221206.031
221264.728
224187.632
222253.612
224204.868
222331.768
222362.291
222419.272
223381.123
223916.637
224332.347
224369.630
224864.332
226894.329
225258.621
226891.339
227225.280
227275.273
229306.728
227300.221
227408.880
229380.605
229562.640
229483.761
229696.293
230177.052
230135.877
232391.575
231491.241
231431.440
231600.045
232188.888
232027.454
232047.590
233051.229
234130.176
233876.518
234453.720
234516.481
235082.739
235406.599
236095.518
236132.581
236989.848
236982.438
238985.231
237674.674
239824.317
239869.354
237824.306
239840.334
240549.986
237930.609
238168.825
240224.592
238012.883
238138.882
238141.741
239344.685
241828.564
242990.590
240827.770
241213.715
243586.150
241271.900
241292.632
244803.188
242484.799
243099.596
246928.688
244587.477
244667.789
244828.946
244864.490
244924.649
244936.453
246407.470
246512.472
246522.220
246587.436
246588.624
246687.614
246776.061
249367.425
247471.015
247485.351
247481.666
247942.365
248866.670
248827.098
249567.477
249708.039
249764.244
253703.784
253842.467
253952.906
252043.196
252250.476
252620.696
255534.458
256607.638
254878.486
254870.367
254929.302
257503.675
258136.987
255803.979
255824.605
255855.503
255878.731
257422.486
257678.135
260854.308
258475.186
260979.367
258566.674
258926.004
261391.854
261909.962
262107.668
259561.670
262689.930
260210.241
260236.641
262589.144
260671.901
263526.189
261236.578
261704.178
264103.716
262233.144
266177.270
262783.627
262889.820
264260.677
264409.502
264346.242
264461.743
264483.088
265167.448
265224.761
265727.479
265867.950
265772.141
266553.942
266618.680
267063.054
267642.537
267766.220
268861.141
268911.785
269297.905
269307.400
273000.600
272375.342
273271.422
273209.439
270761.755
273732.310
271356.018
271631.655
271713.726
272527.653
272742.698
272572.942
273394.078
273530.990
274077.903
274122.708
275134.833
275068.237
275635.906
275870.243
275967.079
276403.487
277006.580
276952.225
278070.686
278148.056
278869.427
278943.231
279030.734
279071.957
279907.235
280485.938
280785.656
281651.551
282186.057
282358.977
282453.195
282502.848
282507.774
287523.348
283633.720
283656.408
284311.145
284492.250
284309.241
284424.611
284556.122
286258.836
286694.097
286400.683
286743.916
286494.452
287735.236
287581.277
287914.335
287977.354
288845.917
289105.979
289123.964
293685.897
289343.172
291079.433
295305.642
290853.148
291873.109
292177.733
292227.624
295304.298
295859.367
296738.273
297189.867
297227.686
298155.914
297250.307
298692.953
297136.040
297753.029
297771.227
297940.967
298040.864
298737.450
298849.455
299422.371
299304.301
299207.796
299777.120
300298.498
300614.174
301892.623
301944.986
304280.008
302996.472
303443.840
303080.448
303113.182
304288.367
304978.991
305507.305
305633.901
305564.610
305731.487
306464.131
307745.556
306679.424
306680.860
306903.822
308144.992
306604.337
307264.490
307205.163
307371.709
307402.342
309210.848
309349.319
308183.499
308234.852
308788.481
308960.052
311163.409
309070.431
310535.061
311637.559
313616.363
313523.803
313514.999
311752.283
311818.373
312576.170
312732.919
312792.899
313286.437
314673.123
314844.126
314862.924
314884.425
317502.103
315533.440
317473.812
315675.556
315701.713
315629.358
315671.533
315735.037
316222.048
317098.887
316873.100
316899.760
317127.329
317506.519
317791.361
317844.949
319540.652
319628.093
320518.639
320452.256
323348.949
320896.956
320911.638
320946.406
325030.607
325187.352
323222.200
323335.360
325489.746
323736.863
324011.630
324146.108
324233.084
324247.609
326786.345
324417.707
327742.963
325432.873
325482.911
325573.728
326051.084
326122.583
326170.506
328275.511
328368.505
328450.065
328498.167
328550.210
329307.117
329396.687
329465.578
329647.481
329904.582
331984.049
332100.898
332007.280
334729.957
332340.512
335864.104
334513.655
334602.814
334575.905
336917.157
337408.631
335010.432
335043.244
335128.204
337496.992
335325.305
338523.517
336001.841
338552.031
338698.711
338635.673
338820.683
336574.119
336637.339
336993.725
337026.167
337773.158
339472.775
339653.913
339636.966
343088.595
339628.788
339822.123
341101.156
341081.933
341185.029
341136.964
341234.275
341325.687
341511.821
342364.899
345133.094
343623.406
346196.405
347424.494
343807.421
346353.046
346410.644
345605.864
345895.637
345804.168
346900.998
347046.518
347140.940
347257.757
347342.651
347412.055
348058.696
348258.575
348161.858
348117.627
349762.827
349889.223
350061.235
354202.097
351371.369
351451.704
356388.518
352367.895
355375.845
352375.333
353014.999
352698.505
353247.943
352764.314
355976.295
356014.610
360338.286
360355.382
358000.268
357833.641
362320.341
358262.287
361420.268
358103.002
358138.565
362091.370
362192.749
362179.703
362254.613
359524.427
359618.866
362409.189
362446.381
362844.698
363048.550
362911.038
362945.670
363437.012
363373.882
364601.824
365125.574
363674.130
365310.212
364121.677
364133.865
364372.350
364024.615
370269.441
369069.582
368537.747
368789.977
369040.207
368823.718
369858.155
369737.998
369933.673
369832.463
369886.990
371848.701
371948.687
370287.068
371223.488
371377.934
371410.365
373580.809
371865.502
373890.789
372324.032
372116.936
372521.921
374725.652
372899.178
372977.322
373161.645
373248.716
373506.104
373430.213
373420.862
373748.528
374221.674
375710.126
375805.754
375620.038
375673.753
377933.100
375807.135
378306.850
378452.549
376126.850
376526.476
376209.871
376287.207
376328.566
376257.418
376334.091
376322.853
378417.765
378556.329
378604.568
378656.189
381494.360
379571.381
379675.195
379784.642
380051.879
380080.259
380195.757
380162.309
380514.130
380554.354
383049.081
381362.992
381449.348
381730.379
381970.825
383543.727
383682.604
383868.423
383936.516
386515.100
385327.248
385406.106
385801.875
385816.683
386166.165
386789.392
386954.920
386830.418
386834.363
387710.014
387706.288
387552.040
387715.768
387676.840
387982.480
388557.259
388861.806
389015.801
390660.686
390779.335
391227.246
395081.739
395208.211
396376.002
396464.628
395422.296
395515.278
396660.220
397120.754
396792.273
397239.364
399432.447
398428.865
398251.451
399866.752
400065.778
399506.373
399536.928
399611.533
400397.633
400835.643
401269.964
401593.686
401422.760
401476.899
402418.975
402056.932
402449.904
403810.548
403602.110
403737.425
404700.221
404574.541
406789.493
404808.896
404714.697
405252.058
407633.279
405136.751
407632.132
405417.393
407860.205
407706.668
407793.923
405459.275
405784.427
405901.005
405797.858
407861.665
405749.648
406043.054
406058.566
408675.871
405746.189
405802.140
408637.434
405112.093
405136.801
406264.708
405942.359
406256.281
406051.146
407260.762
407967.217
408132.290
407498.717
408185.803
407896.171
410922.305
412746.911
413041.780
413521.346
410383.356
413122.059
415387.037
415276.571
412327.528
416634.912
415062.565
417649.308
415898.242
415937.759
415968.049
416092.609
415857.378
416455.912
417403.926
417877.327
417923.898
419838.811
418233.941
417751.559
419804.750
417816.417
417877.210
417948.958
418228.219
418269.082
418204.895
417760.812
418039.062
417867.154
417981.081
420857.791
418188.952
418227.018
421441.282
421826.171
421793.717
422245.123
421882.611
423363.181
425503.946
423428.289
423451.625
425567.288
425447.529
423762.404
423045.871
423053.938
423304.731
423125.042
423791.782
425841.153
428323.202
426764.010
425969.856
425478.846
429641.756
427283.759
429366.926
426461.981
429138.239
429078.124
429127.492
430721.519
433804.901
431339.540
431519.935
433412.196
434027.039
432805.581
439792.169
442346.294
441046.637
440893.587
441039.782
441204.574
441275.859
441345.243
Elapsed: 0.444495804
Message Size: 262144
