3894.970
3936.786
3988.326
4000.287
4012.796
4019.199
4071.641
4106.425
4115.402
4151.241
4224.917
4233.825
4244.374
4311.578
4350.332
4391.815
4400.719
4410.628
4461.654
4470.503
4475.380
4511.427
4523.447
4529.594
4564.971
4575.678
4580.960
4628.874
4636.740
4645.530
4690.133
4702.654
4766.742
4786.574
4795.587
4804.105
4817.790
4878.967
4892.961
4912.738
4921.662
4927.929
4935.750
4947.497
4952.300
4958.920
4996.391
5044.188
5091.873
5153.656
5168.404
5216.769
5264.535
5306.478
5365.889
5374.719
5386.311
5422.859
5431.326
5486.341
5500.057
5563.246
5572.967
5582.033
5580.804
5587.342
5592.249
5679.537
5694.860
5733.189
5792.810
5820.117
5828.561
5835.788
5840.794
5863.778
5869.528
5875.428
5883.606
5913.322
5925.223
5956.904
5966.044
5973.250
5978.798
5983.678
5986.228
5991.908
6021.901
6029.681
6035.124
6039.985
6067.724
6079.864
6125.873
6166.817
6173.946
6212.870
6240.194
6245.472
6250.053
6280.564
6289.067
6345.571
6392.122
6426.666
6453.578
6472.611
6531.008
6585.921
6599.788
6610.549
6659.830
6822.984
6834.896
6752.832
6758.992
6764.900
6774.431
6819.711
6838.573
6854.017
6902.150
6948.160
6956.514
6991.734
7027.391
7032.628
7030.737
7072.685
7106.896
7115.267
7137.515
7164.216
7170.018
7176.549
7184.338
7213.655
7222.361
7229.288
7231.787
7259.648
7265.600
7269.834
7275.041
7280.477
7281.887
7319.207
7324.844
7351.934
7444.891
7462.975
7442.009
7489.944
7513.003
7519.344
7575.357
7613.798
7621.050
7661.906
7700.113
7734.439
7757.416
7761.878
7768.180
7772.316
7819.425
7913.655
7994.317
8003.150
8050.594
8073.125
8082.473
8106.482
8174.206
8182.787
8212.466
8270.430
8283.618
8330.518
8403.146
8456.793
8464.097
8493.303
8559.166
8616.868
8669.303
8695.256
8751.445
8769.060
8861.422
8874.158
8878.647
8968.642
8971.466
9021.858
9026.832
9053.859
9138.137
9137.630
9174.942
9216.329
9261.492
9280.475
9331.782
9367.916
9389.392
9400.733
9405.111
9469.834
9490.979
9530.649
9602.847
9610.524
9644.966
9725.882
9746.773
9781.089
9791.884
9834.347
9890.563
9953.977
10003.011
10011.846
10121.352
10138.115
10174.356
10215.327
10256.892
10307.528
10310.306
10313.993
10330.966
10440.813
10487.122
10491.604
10638.025
10641.290
10653.263
10699.519
10742.026
10784.145
10788.783
10798.647
10840.823
10876.305
10882.050
10946.881
10981.594
11066.637
11067.765
11102.295
11179.925
11216.331
11226.411
11246.214
11322.096
11392.295
11397.089
11399.413
11427.381
11432.412
11434.920
11488.936
11492.351
11596.916
11647.669
11647.804
11666.447
11674.480
11676.058
11728.519
11743.271
11904.056
11908.240
11924.425
11940.220
11959.768
12061.694
12082.926
12083.320
12085.543
12097.906
12156.040
12155.504
12173.704
12186.873
12210.803
12284.549
12290.222
12311.900
12360.244
12428.813
12443.550
12444.528
12457.203
12505.761
12527.007
12616.451
12639.483
12675.505
12767.462
12800.699
12829.160
12833.599
12872.968
12941.403
12947.656
12960.812
13025.309
13072.884
13084.907
13093.455
13174.691
13205.005
13210.991
13270.688
13355.657
13382.407
13405.206
13433.108
13419.462
13414.758
13470.398
13475.215
13481.663
13599.875
13677.735
13683.321
13732.797
13756.054
13807.624
13816.271
13824.953
13892.854
13927.206
13970.494
13980.542
14010.276
14032.798
14106.371
14122.526
14167.181
14202.913
14256.035
14301.042
14311.337
14318.185
14370.888
14412.528
14484.921
14491.608
14499.002
14543.726
14553.803
14671.788
14688.307
14725.471
14753.078
14771.189
14861.123
14914.639
14908.467
14952.793
14989.441
14996.238
15111.226
15139.883
15169.880
15199.877
15241.268
15247.909
15345.403
15360.073
15434.615
15444.881
15467.854
15476.499
15546.982
15562.829
15605.755
15617.475
15767.671
15778.888
15789.006
15782.067
15861.268
15933.148
15953.904
15970.991
16068.771
16091.320
16080.416
16103.150
16120.054
16150.935
16219.978
16258.550
16286.150
16308.480
16312.089
16319.986
16336.328
16438.197
16444.984
16595.940
16601.514
16613.508
16651.179
16658.121
16726.186
16726.803
16772.904
16789.893
16835.329
16892.438
16972.825
17001.281
17024.727
17092.650
17147.255
17191.891
17222.512
17266.483
17358.142
17401.336
17446.367
17452.060
17458.642
17464.479
17463.866
17476.539
17480.425
17496.083
17497.297
17561.449
17606.368
17648.375
17739.287
17790.998
17799.443
17880.353
17891.579
17942.095
17950.701
17972.301
18095.118
18106.422
18191.692
18207.656
18285.820
18300.324
18321.733
18321.917
18327.525
18339.651
18403.096
18439.614
18489.385
18526.491
18528.554
18530.075
18569.195
18581.196
18683.437
18747.722
18768.183
18811.023
18842.442
18877.915
18913.093
18951.575
18970.355
19054.373
19115.879
19136.622
19222.587
19256.353
19276.549
19395.532
19422.720
19455.001
19507.420
19525.967
19530.629
19529.810
19619.444
19619.768
19722.502
19728.418
19792.450
19850.806
19915.016
19948.285
19986.298
20013.376
20051.606
20074.059
20162.054
20170.790
20211.301
20273.079
20317.466
20322.217
20340.513
20408.400
20415.090
20453.699
20587.101
20608.518
20637.748
20649.292
20654.924
20658.467
20758.082
20763.646
20815.824
20843.493
20910.810
20955.064
21005.857
21039.240
21106.214
21140.583
21189.008
21253.175
21260.182
21264.453
21290.158
21292.646
21298.984
21330.872
21365.666
21420.072
21442.060
21471.779
21509.640
21522.063
21563.348
21698.024
21754.380
21757.703
21768.249
21847.453
21871.560
21919.288
21934.727
21940.509
21966.760
22048.459
22095.680
22095.051
22173.806
22175.600
22218.640
22277.985
22313.579
22366.012
22373.421
22397.257
22417.401
22521.201
22525.958
22569.031
22586.909
22673.632
22675.671
22729.260
22759.764
22804.369
22893.905
22924.844
22939.841
22989.437
23074.418
23090.756
23116.152
23146.826
23163.524
23273.618
23334.325
23352.929
23380.266
23387.877
23396.943
23422.613
23446.579
23500.985
23547.222
23603.753
23636.132
23651.218
23675.901
23778.247
23833.154
23879.833
23921.955
23975.050
24029.161
24041.893
24061.207
24160.832
24197.882
24220.368
24230.224
24286.277
24325.934
24370.300
24378.835
24428.756
24457.865
24464.985
24522.834
24529.901
24575.993
24622.687
24630.492
24676.215
24684.388
24722.954
24784.071
24812.414
24886.264
24908.628
24960.168
25002.352
25010.384
25062.596
25080.419
25164.325
25166.398
25212.595
25320.220
25370.112
25381.826
25388.034
25443.701
25551.332
25598.350
25622.771
25624.053
25676.050
25704.686
25772.210
25807.379
25904.229
25914.877
25920.300
25960.695
26021.477
26052.987
26100.485
26104.304
26108.988
26158.834
26208.134
26250.893
26270.343
26466.315
26484.136
26532.986
26566.129
26619.786
26644.157
26705.254
26743.905
26733.546
26804.593
26803.144
26816.833
26866.151
26904.835
26919.820
26925.330
26960.112
26967.164
26972.949
27024.257
27040.132
27133.371
27139.743
27216.425
27253.403
27254.407
27301.237
27308.697
27328.159
27362.755
27462.680
27490.430
27536.291
27601.155
27616.420
27629.843
27667.278
27687.011
27808.990
27850.719
27866.611
27915.216
27934.433
28011.407
28023.835
28092.855
28103.870
28134.158
28146.804
28179.823
28217.309
28224.148
28295.328
28355.400
28383.950
28411.122
28425.222
28475.917
28497.178
28537.221
28611.955
28652.643
28701.341
28708.762
28819.045
28866.095
28874.983
28877.616
28929.871
28957.342
29033.423
29115.999
29156.038
29188.908
29199.173
29202.799
29301.198
29344.099
29382.903
29393.267
29431.461
29466.866
29548.230
29553.168
29568.387
29623.401
29631.160
29628.738
29645.884
29716.179
29769.975
29818.018
29858.445
29869.270
29906.757
29930.892
29949.213
30026.595
30086.952
30087.267
30101.133
30147.414
30182.589
30240.217
30237.639
30249.663
30348.751
30364.617
30409.412
30418.121
30423.916
30480.644
30505.433
30542.808
30587.339
30600.397
30689.884
30743.083
30781.509
30826.332
30843.286
30855.281
30869.823
30899.543
30904.538
30980.412
31081.807
31100.109
31142.701
31149.249
31206.003
31223.832
31278.413
31283.288
31335.990
31353.014
31456.478
31504.542
31545.591
31588.714
31610.491
31626.155
31736.676
31743.263
31796.676
31822.865
31857.867
31862.786
31894.116
31983.395
31991.233
31992.813
32086.188
32096.330
32139.619
32158.566
32219.611
32278.816
32298.450
32412.210
32429.198
32458.787
32517.198
32521.589
32531.755
32777.459
32787.847
32808.433
32821.716
32866.158
32867.797
32888.301
32936.127
32974.603
32999.390
33059.077
33123.679
33127.923
33132.565
33131.190
33134.846
33170.061
33161.935
33220.689
33253.736
33235.745
33268.774
33308.883
33323.689
33361.698
33429.382
33467.682
33489.474
33512.457
33559.861
33591.603
33611.505
33620.004
33628.635
33672.319
33704.032
33722.726
33776.549
33795.188
33800.101
33897.706
33916.990
33933.473
33942.673
33982.832
34019.615
34104.250
34105.066
34118.156
34149.327
34299.899
34317.376
34330.835
34344.039
34378.338
34378.745
34416.013
34455.040
34473.467
34480.550
34479.812
34541.473
34559.229
34564.587
34595.170
34623.620
34685.684
34695.165
34712.332
34797.157
34798.228
34868.473
34931.356
34939.528
34951.711
34946.601
35067.493
35078.621
35346.001
35359.706
35383.030
35440.455
35429.578
35744.190
35751.774
35888.062
35955.281
35913.048
35955.614
35959.400
35942.026
36049.993
36039.079
36080.051
36078.862
36061.858
36103.267
36077.528
36107.372
36093.639
36100.037
36110.262
36112.900
36118.282
36123.906
36125.678
36128.413
36135.833
36143.005
36148.162
36152.234
36158.915
36348.886
36417.725
36448.046
36460.764
36863.472
36949.506
36989.927
37013.669
37025.878
37014.555
37052.592
37062.371
37153.662
37249.361
37247.659
37255.940
37280.502
37305.411
37294.134
37364.700
37406.086
37410.296
37430.405
37433.328
37454.822
37473.155
37517.491
37583.135
37583.934
37598.231
37630.960
37657.836
37691.262
37711.565
37763.356
37825.586
37837.277
37837.697
37875.866
37934.943
37971.476
38007.245
38049.196
38098.042
38122.211
38252.100
38268.015
38307.585
38321.781
38349.769
38395.828
38385.891
38434.142
38558.189
38611.836
38657.973
38681.559
38696.422
38699.330
38746.891
38773.616
38775.707
38820.585
38831.539
38841.187
Elapsed: 0.043613887
Message Size: 4096
