7966.258
7969.771
7961.219
7949.814
7940.470
7929.526
7920.610
7910.297
7973.820
7974.724
7974.490
7974.300
7974.386
7974.213
7974.498
7974.257
7992.533
7992.742
7993.172
7993.894
7994.767
7995.176
7995.397
7995.999
7993.100
7995.677
7996.151
7996.235
7996.291
7995.668
7995.859
7996.205
7995.296
7995.417
7995.137
7994.778
7993.842
7993.860
7993.725
7993.369
7990.508
7991.541
7992.223
7991.710
7992.219
7991.597
7991.727
7991.889
7993.333
7993.659
7993.818
7994.587
7995.254
7995.528
7995.271
7995.920
11994.668
11995.591
11996.092
11996.239
11996.395
11996.895
11997.361
11998.032
7991.942
7992.424
7992.300
7992.006
7991.881
7992.258
7992.337
7991.961
1853.206
61.849
538.989
200.687
2928.680
2924.930
2923.073
2919.195
2919.178
2918.097
2917.036
718.251
1215.979
1130.730
1128.475
1126.466
1124.414
1126.018
1126.785
48.691
255.771
1238.186
985.835
986.650
990.463
994.742
997.803
996.480
2428.886
3361.884
2842.095
2839.564
2840.324
2841.334
2840.584
2839.187
1105.253
911.448
2431.842
2183.345
2183.266
2185.249
2185.859
2185.775
2185.800
342.091
303.781
77.189
468.964
1412.060
1411.540
1411.021
1409.111
1410.409
1410.068
1410.216
1725.811
2603.470
2569.504
2595.397
2598.764
2623.308
2625.040
2644.165
349.578
1518.850
838.894
835.592
809.889
809.822
785.324
784.287
1210.851
2548.858
2298.622
2297.596
2299.171
2300.309
2300.521
2300.669
314.398
418.906
2312.199
1388.275
1386.350
1386.351
1387.399
1386.957
1385.911
181.595
115.262
408.466
1618.249
1135.099
1134.337
1136.133
1137.333
1136.410
1135.951
1655.866
97.484
2798.377
2545.813
2548.953
2590.789
2594.617
2596.117
2617.393
874.583
2638.005
2017.516
2015.331
1969.716
2012.406
1967.662
1966.379
332.880
2305.974
1400.279
1398.239
1398.473
1400.497
1400.937
1401.606
220.734
108.115
1940.043
1037.257
1036.631
1037.471
1037.572
1037.057
1036.463
218.783
1184.648
645.546
642.096
639.402
636.263
636.731
636.915
50.273
1294.547
1031.715
1033.581
1037.816
1043.073
1047.540
1046.508
936.479
2181.542
1353.825
1351.227
1351.597
1351.790
1350.837
1349.194
199.204
351.785
1318.871
1072.209
1094.839
1097.999
1120.851
1122.356
1142.647
841.047
2342.309
1993.525
1991.309
1967.487
1967.944
1945.070
1945.232
256.769
1987.493
1071.377
1068.918
1070.243
1071.630
1071.273
1070.843
255.278
31.163
435.190
1849.434
1200.316
1199.947
1201.265
1202.452
1201.538
1200.755
1261.235
1974.687
1673.809
1672.820
1674.199
1675.288
1674.424
1674.557
1398.717
57.304
594.035
2548.460
2301.515
2324.472
2326.671
2350.169
2350.965
2371.314
1080.130
2037.150
1965.191
1962.732
1938.129
1938.074
1914.832
1914.552
269.660
1863.263
1215.072
1213.719
1215.064
1215.898
1216.099
1216.441
36.573
1230.564
447.584
444.250
443.466
440.451
442.690
442.108
398.297
738.877
1156.526
1159.113
1160.635
1163.509
1165.536
1163.523
1163.786
2414.319
99.595
429.183
3740.244
3481.270
3481.087
3482.104
3482.268
3482.562
3482.606
45.341
1209.741
850.029
847.717
848.281
849.529
849.605
849.314
486.352
755.556
2121.107
1481.916
1481.284
1482.160
1484.012
1484.303
1484.328
935.034
232.421
1429.074
1358.926
1356.835
1355.268
1356.900
1356.090
1355.246
2306.310
3393.257
3374.250
3376.640
3378.891
3380.725
3379.870
3379.466
83.231
295.914
1794.497
888.677
885.229
884.005
884.290
883.725
883.383
333.824
235.123
1540.186
1220.992
1239.079
1258.863
1277.139
1299.596
1301.611
886.670
1866.615
1396.453
1376.195
1354.320
1334.006
1318.884
1296.284
94.342
639.524
388.716
392.831
740.307
1935.439
1936.683
1933.385
1931.029
1696.678
1695.056
1976.027
561.012
2443.247
1634.489
1634.932
1637.022
1642.048
1639.343
1639.223
81.252
1797.910
868.143
867.786
865.496
866.381
866.022
994.813
714.213
647.571
203.974
2460.148
1821.869
1823.519
1824.747
1826.822
1821.888
1821.436
368.491
865.863
788.555
786.899
783.132
779.693
782.046
782.572
733.201
1394.095
1121.475
1161.779
1144.423
1148.413
1150.017
1147.728
50.057
1225.088
977.438
978.614
979.659
979.590
979.149
404.452
2284.374
1467.574
1466.051
1466.567
1466.417
1466.705
2373.758
117.631
1836.811
921.307
919.404
924.817
922.592
922.675
922.597
782.022
2494.904
1837.475
1837.614
1836.813
1837.543
1837.424
1963.959
361.231
1696.092
784.629
781.370
781.432
774.644
776.420
776.569
402.437
595.577
999.334
1002.243
1007.582
1009.419
1012.251
1011.055
1011.144
241.795
40.650
1124.839
1416.985
1173.786
1173.883
1196.912
1197.374
1216.162
184.633
2017.757
1331.313
1325.379
1300.395
1299.850
1275.526
1275.059
151.636
1866.265
961.721
960.006
961.282
963.603
964.763
965.582
800.632
2521.677
1878.770
1876.788
1878.763
1879.715
1877.595
1877.385
422.648
1747.012
838.993
833.711
830.638
826.968
827.953
826.774
516.822
1180.665
936.041
935.152
939.773
944.184
946.183
944.920
422.266
1216.026
152.179
92.252
2165.758
2164.517
2165.120
2164.105
2164.482
2163.717
2163.626
501.853
1831.282
1306.091
1304.049
1304.288
1305.526
1306.430
1307.444
850.811
2562.290
1922.542
1922.129
1923.784
1925.451
1925.168
1924.765
372.784
1703.828
795.625
792.432
789.133
784.756
785.724
785.076
523.335
1184.679
927.681
927.607
931.788
936.613
940.025
937.706
766.703
457.161
1976.039
1725.850
1726.143
1727.683
1728.394
1727.499
1727.145
458.288
471.905
1859.685
1528.133
1526.269
1526.285
1527.450
1527.382
1528.274
440.513
653.196
1756.152
1331.148
1353.938
1356.889
1379.012
1379.462
1398.682
1168.528
1733.234
1665.720
1662.293
1634.687
1631.053
1610.076
1609.976
497.655
1166.315
901.740
902.924
906.384
910.621
912.197
909.965
823.080
2007.924
1759.696
1758.355
1759.485
1760.256
1760.626
1760.836
364.987
34.136
2110.912
1338.740
1337.256
1339.000
1342.023
1341.778
1341.403
397.112
1974.249
1206.406
1203.962
1204.553
1203.994
1202.614
1203.185
576.886
290.197
2085.595
1446.413
1469.305
1472.181
1495.823
1497.158
1518.239
33.675
934.875
525.091
521.008
494.056
490.728
468.290
467.116
473.176
1146.368
890.344
892.222
896.434
901.323
902.977
901.278
886.708
2105.743
1844.881
1843.430
1843.548
1843.605
1842.253
1842.139
370.673
718.757
2132.026
1340.505
1338.243
1338.157
1340.082
1342.632
1343.327
281.783
1169.531
1087.414
1087.742
1090.058
1090.529
1089.409
1086.862
1600.319
142.482
2661.833
2019.284
2015.794
2012.801
2009.538
2011.032
2010.919
463.913
974.226
866.987
868.034
870.802
875.371
877.360
875.167
1026.519
2246.077
1996.779
1996.800
1998.219
1999.977
2000.713
2001.448
354.305
2108.263
1299.431
1298.334
1298.716
1299.393
1298.747
1297.823
164.729
266.334
1758.252
979.532
978.808
979.357
981.234
981.490
981.314
1619.052
2418.985
2037.819
2033.892
2031.731
2028.541
2029.237
2028.961
473.093
78.875
1129.379
874.978
875.788
879.197
883.703
885.581
883.733
1044.637
97.006
2150.461
1989.311
1989.049
1989.796
1991.964
1992.179
1993.194
309.430
1956.244
1277.353
1275.402
1274.507
1275.199
1274.045
1273.021
109.749
1737.706
935.814
935.466
936.908
938.819
939.000
940.207
283.104
2038.141
1373.902
1374.172
1375.300
1376.571
1376.691
1375.966
411.095
1754.291
826.831
822.199
818.807
814.571
814.869
814.541
443.914
1105.418
855.485
856.140
860.475
865.269
869.343
867.496
469.279
544.107
1808.233
1548.286
1546.939
1547.533
1548.365
1547.593
1546.897
776.689
2109.875
1746.665
1746.401
1748.498
1749.935
1749.146
1749.304
63.714
152.381
1696.797
888.848
887.237
887.117
887.724
887.402
887.568
301.089
1902.253
1400.210
1398.571
1399.656
1401.793
1401.711
1402.198
426.019
1784.207
845.239
841.708
839.064
835.914
836.355
836.202
346.870
1016.162
761.275
761.617
766.597
770.768
774.328
772.185
474.773
1841.736
1581.419
1579.155
1578.666
1578.530
1578.150
1577.615
372.570
434.423
2271.619
1330.598
1329.916
1331.350
1333.590
1333.529
1333.987
424.975
1585.750
1230.171
1228.498
1231.095
1232.646
1232.252
1232.430
285.931
1991.319
1350.212
1349.266
1349.529
1348.994
1348.716
1347.580
363.444
160.112
2132.995
1235.863
1259.780
1262.889
43.160
1314.151
1313.569
1333.858
971.343
429.800
429.910
405.680
565.962
1832.708
1831.193
1830.507
1811.511
1638.849
1638.873
1637.547
478.737
2329.875
1425.533
1424.106
1427.220
1425.297
1425.333
1426.780
255.607
52.425
1872.135
1092.155
1093.362
1095.148
1094.224
1094.549
1095.093
277.767
1968.304
1357.053
1357.729
1355.998
1356.039
1354.688
1353.627
1493.696
32.579
44.159
2819.621
1907.223
1904.462
1900.209
1897.048
1899.443
1899.711
270.243
1505.884
1346.687
1351.254
1354.201
1359.593
1361.990
1360.718
551.000
2426.157
1506.497
1511.817
1515.621
1515.162
1513.192
1511.605
160.206
1786.638
1007.952
1082.040
1080.123
1080.171
1082.859
98.987
84.984
1811.406
1145.368
1142.000
1040.453
1041.382
1756.600
2843.442
2142.133
2138.143
2132.493
2136.018
307.336
180.898
1590.714
1334.508
1340.062
1345.667
1347.416
425.434
245.172
1381.187
1381.507
1403.122
420.502
1918.036
1419.781
315.639
2220.440
1428.860
1689.100
Elapsed: 0.241850586
Message Size: 4096
