3924.112
11874.778
11856.005
11829.214
11799.086
11768.505
11738.512
11708.969
7775.886
15733.352
15707.496
15679.337
15652.301
15625.447
15598.572
15571.283
7910.868
15892.995
15898.817
15902.957
15906.895
15911.066
15915.294
15920.233
7916.912
15900.451
15905.674
15909.708
15914.290
15918.576
15922.198
15926.713
7916.273
15900.093
15905.263
15909.556
15914.222
15918.128
15921.957
15926.271
7917.522
8843.932
10350.257
10355.063
10359.745
10363.710
10367.985
10372.389
1012.941
2067.873
3849.380
3854.138
3858.829
3862.960
3867.088
3871.483
525.688
924.193
1110.036
1115.590
1119.873
1124.347
1128.268
1132.708
1072.650
2727.158
3726.310
3730.752
3735.282
3739.427
3743.192
3747.603
1035.290
2788.491
3162.907
3168.296
3172.854
3176.882
3180.895
3184.827
552.710
1280.704
1864.693
1869.446
1873.827
1877.831
1881.582
1885.847
1741.116
2588.175
3743.950
3748.724
3753.055
3757.053
3761.155
3765.553
1670.690
1756.752
2640.447
2645.131
2649.482
2653.620
2657.665
2661.505
1197.013
1236.256
3149.359
3153.849
3158.659
3163.115
3885.343
3890.338
1151.786
2778.785
2958.826
2963.110
2967.771
2972.088
2976.690
2980.609
909.597
2098.465
2550.348
2555.562
2560.243
2564.405
2568.716
2572.959
1514.345
2138.672
3377.858
3382.594
3387.048
3391.090
3395.049
3398.965
1283.169
1667.810
2651.054
2655.382
2659.816
2663.723
2667.649
2671.881
1056.597
2171.653
3223.221
3227.620
3232.265
3236.381
3240.592
3244.661
513.766
1794.021
2887.906
2893.113
2897.807
2901.625
2907.933
2912.033
536.150
1534.317
2643.313
2648.371
2652.699
2656.689
2660.517
2664.672
1601.345
2224.224
2715.356
2719.676
2724.308
2728.622
2732.438
2736.609
1202.395
2070.592
2884.956
2889.583
2893.985
2897.953
2902.133
2906.353
936.227
1922.657
4219.002
4224.272
4228.863
4232.821
4236.844
4240.935
81.002
492.405
1819.747
1824.626
1828.949
1832.984
1836.902
1841.013
642.302
1715.824
2703.453
2707.692
2712.205
2716.102
2719.991
2724.032
775.944
3407.423
3708.213
3712.931
3717.358
3721.285
3725.180
3729.060
1314.919
1789.660
3014.036
3018.544
3023.013
3026.916
3031.058
3035.293
907.357
1722.465
4438.443
4443.076
4447.745
4451.608
4455.648
4459.833
395.995
771.497
1584.430
1588.849
1593.564
1597.482
1601.634
1605.746
180.464
1570.168
2554.745
2558.941
2563.466
2567.887
2571.797
2576.143
708.241
3566.953
3958.987
3963.580
3968.065
3971.937
3976.067
3980.169
863.055
1088.496
1211.761
1217.447
1222.176
1226.207
1230.194
1234.368
1437.423
2413.309
3122.907
3127.512
3132.255
3136.283
3140.437
3144.762
3092.765
3305.970
4473.163
4477.262
4481.902
4485.920
4490.295
4494.632
186.155
554.452
1661.955
1663.692
1667.666
1671.546
1675.946
1679.994
897.430
1973.676
4866.642
4871.132
4875.600
4879.730
4883.909
4888.071
189.562
1068.820
1332.746
1338.413
1343.040
1347.058
1351.088
1355.514
924.627
1454.732
2412.281
2417.076
2421.992
2426.007
2430.083
2434.245
1196.595
3917.024
4180.282
4184.465
4188.820
4192.711
4196.741
4200.794
804.135
833.002
2507.436
2513.329
2518.084
2524.932
2529.547
2533.726
883.974
2552.646
4892.181
4897.005
4901.659
4905.712
4909.714
4914.164
560.025
1098.811
2758.810
2763.491
2768.045
2772.308
2776.467
2780.787
674.830
918.591
2534.122
2538.504
2543.219
2547.414
2551.538
2556.287
2394.551
3024.842
3545.954
3551.817
3557.541
3563.208
3568.720
3574.150
87.653
1710.714
2670.622
2675.300
2680.021
2684.107
2688.238
2692.100
199.063
1676.667
3835.737
3840.100
3844.739
3848.617
3852.752
3856.980
822.736
1135.337
1213.764
1219.085
1223.521
1227.549
1231.598
1235.851
1755.539
2656.623
3381.692
3387.347
3392.515
3396.549
3400.573
3404.695
774.207
3058.843
3934.210
3938.873
3943.473
3947.681
3951.814
3956.350
284.960
2213.675
3141.023
3145.687
3150.081
3154.201
3158.145
3162.434
1145.092
1581.298
3697.248
3701.831
3706.146
3710.099
3714.546
3718.860
939.652
1186.796
1239.338
1244.844
1249.389
1253.582
1257.657
1262.177
1698.822
2695.828
4262.656
4267.026
4272.373
4276.551
4280.635
4284.725
179.085
2187.079
3150.750
3156.351
3160.931
3165.057
3169.437
3173.567
262.036
2152.258
3084.057
3088.545
3093.054
3096.904
3100.910
3105.115
1514.754
2128.828
3705.902
3710.298
3715.170
3719.137
3723.297
3733.059
895.459
936.046
1214.942
1219.675
1224.030
1227.991
1232.113
1236.211
1646.830
2621.301
4229.312
4234.042
4238.536
4242.562
4246.547
4250.673
1229.314
2210.709
3093.994
3099.317
3103.841
3107.797
3112.025
3116.131
81.492
305.446
2019.050
2023.993
2029.192
2033.197
2037.240
2041.500
865.151
2689.236
4505.713
4511.681
4516.380
4520.571
4524.719
4528.960
220.269
1214.896
1364.425
1368.901
1373.237
1377.267
1381.427
1385.657
68.981
1852.488
2763.152
2767.746
2772.140
2776.226
2780.304
2784.533
1679.343
3843.832
4192.596
4198.409
4202.850
4206.984
4210.742
4214.838
487.640
685.093
843.820
848.274
852.191
856.139
860.280
864.626
1739.451
2587.184
4317.046
4321.762
4326.316
4330.440
4334.712
4339.055
2172.547
2999.517
3095.065
3100.738
3105.132
3108.864
3113.207
3117.482
130.730
248.831
2118.802
2123.583
2127.904
2131.940
2135.890
2140.203
727.966
2538.415
4773.771
4778.543
4783.059
4786.913
4790.815
4794.778
514.022
1027.901
1164.084
1168.318
1172.399
1176.459
1180.593
1184.677
248.541
1923.461
2721.791
2726.391
2730.813
2734.930
2739.053
2743.240
1479.755
3745.051
4241.895
4247.249
4251.845
4256.004
4260.116
4264.611
591.606
668.459
1504.300
1509.952
1514.557
1518.312
1522.513
1526.752
1025.411
1828.750
3519.398
3524.104
3528.729
3532.764
3537.077
3541.458
2137.499
2665.263
3365.018
3369.809
3374.525
3378.651
3382.834
3387.098
1421.183
1852.999
2715.904
2720.204
2724.692
2728.648
2732.429
2736.582
1708.131
4103.290
4174.949
4180.359
4184.780
4188.797
4192.663
4196.969
842.814
1163.729
2670.085
2675.309
2680.339
2684.499
2688.622
2692.976
98.557
774.424
2790.898
2795.257
2799.524
2803.424
2807.518
2811.697
2152.276
2232.670
3284.798
3289.303
3293.975
3298.119
3302.308
3306.662
89.339
1679.293
2376.342
2381.704
2386.205
2390.327
2394.592
2398.873
56.425
1855.421
4312.509
4317.289
4321.718
4325.917
4330.074
4334.230
985.562
1213.478
2850.047
2854.697
2859.267
2863.544
2867.994
2872.327
797.736
1219.329
2502.065
2506.951
2511.053
2514.938
2519.095
2523.354
2296.679
2346.463
3477.178
3481.932
3486.647
3490.809
3495.079
3499.483
1786.542
2599.283
3546.624
3551.974
3556.595
3560.431
3564.527
3568.850
737.665
2925.395
3249.706
3255.401
3259.688
3263.625
3268.709
3272.974
902.974
2619.118
3499.587
3504.338
3509.537
3513.591
3517.820
3521.966
1607.163
1835.122
3867.494
3872.184
3876.835
3880.608
3885.024
3889.618
350.602
1240.934
1526.359
1530.699
1534.639
1538.705
1542.883
1547.166
1225.964
2186.051
4412.844
4417.385
4421.610
4425.746
4429.879
4434.352
85.200
1690.094
1990.854
1996.196
2000.527
2004.744
2009.338
2013.636
897.145
1277.607
2491.241
2495.924
2500.862
2504.925
2509.115
2513.368
900.033
3183.878
3969.316
3974.720
3979.553
3983.324
3987.662
3991.905
858.819
1244.377
2237.217
2241.701
2246.329
2250.257
2254.365
2258.768
425.809
1279.411
2323.903
2328.600
2333.390
2337.594
2341.798
2345.955
2555.862
3670.381
4100.230
4104.748
4109.107
4112.961
4117.050
4121.115
59.663
1163.616
1757.897
1762.018
1766.619
1770.585
1774.517
1779.880
692.167
1706.801
4504.063
4508.887
4513.045
4516.837
4521.059
4525.344
1406.882
1526.304
1649.263
1654.872
1659.494
1663.597
1667.653
1671.828
943.488
1536.493
2252.322
2256.836
2261.920
2265.961
2270.103
2274.226
959.930
3772.553
5167.550
5172.378
5176.718
5180.717
5184.502
5188.763
751.286
1250.493
1885.379
1889.505
1893.718
1897.763
1901.708
1905.486
605.273
1645.153
4354.270
4358.459
4363.036
4366.898
4370.978
4375.026
1416.587
2586.190
2795.873
2801.239
2805.550
2809.808
2813.764
2817.874
496.584
1029.234
2146.841
2151.575
2155.793
2159.801
2163.784
2167.758
2967.126
4173.887
4290.687
4294.783
4299.091
4303.186
4307.369
4311.477
1116.623
1786.649
2234.023
2238.747
2243.415
2247.553
2251.741
2256.431
1059.180
4669.418
5424.661
5430.161
5434.334
5438.832
5442.923
5447.012
1246.286
2203.820
2437.169
2442.618
2447.615
2451.639
2455.773
2459.982
312.619
875.204
4696.354
4701.200
4705.818
4709.817
4713.617
4718.255
484.383
712.260
1807.734
1811.927
1816.460
1820.629
1824.762
1829.057
819.263
1706.876
2058.856
2063.785
2068.327
2072.127
2076.257
2080.342
3906.392
4121.164
4849.240
4853.952
4858.286
4866.485
4870.600
4874.332
1044.427
1555.025
2792.128
2797.257
2801.166
2805.045
2809.166
2813.533
169.184
4083.586
4126.807
4132.109
4136.624
4140.733
4144.880
4149.143
778.756
1889.338
2280.069
2284.201
2289.306
2293.488
2297.489
2302.032
1250.485
2033.845
5425.577
5430.173
5434.189
5438.040
5442.303
5446.822
911.206
2091.326
2346.243
2350.551
2355.164
2358.884
2363.077
2367.369
1286.578
1341.751
2415.736
2420.951
2425.337
2429.191
2433.699
2437.989
3015.670
3081.856
3941.977
3946.818
3951.563
3955.441
3959.700
3964.002
1037.340
1180.750
2620.972
2625.857
2630.120
2634.260
2638.180
2642.427
271.367
1870.994
4254.241
4259.619
4263.976
4268.043
4272.144
4276.362
752.379
1778.574
2028.431
2033.413
2038.097
2042.212
2046.439
2050.742
Elapsed: 0.462450682
Message Size: 4096
