3180.239
3000.777
2064.068
3324.535
2129.454
2694.983
2509.091
2663.027
2410.524
3206.149
3079.847
2546.389
2543.956
2277.046
2355.266
2356.630
3092.714
2234.437
2442.822
2569.273
4530.568
5280.599
3637.664
5286.586
4059.397
3825.307
5206.879
3531.683
3513.604
4103.456
2650.052
2205.241
2349.950
3580.049
2529.990
3586.840
4344.936
3323.171
3054.600
2998.590
4352.156
4628.073
3115.170
3365.200
3625.553
2951.168
3636.960
3393.397
3520.116
4612.792
4302.990
4625.965
4853.368
3183.901
4605.643
2941.776
3509.019
3460.374
4162.695
3197.636
4358.474
3767.960
3556.568
5094.040
2812.866
5711.026
4921.313
3324.088
3624.938
3740.139
4168.320
3373.962
3984.585
4677.709
3154.740
3588.542
2883.248
5664.013
2231.214
2907.943
3357.373
4562.508
5027.074
2923.939
4389.431
4087.418
2212.953
2105.996
5573.936
2407.208
2945.781
4067.615
2554.756
3215.283
2224.632
2197.336
3193.252
4940.752
3515.210
2937.283
4532.706
3249.664
3998.898
2813.615
5221.885
5826.391
2486.542
2885.360
2206.400
4060.794
3195.915
3278.576
4957.829
2869.707
3476.579
1908.850
3298.562
2680.387
3900.800
2906.445
3917.001
2825.722
3745.504
3203.202
3506.497
2914.388
3155.019
2332.460
3400.132
2916.951
2349.403
2570.633
2311.729
3010.895
2319.317
3070.280
2764.948
4672.270
2512.001
2284.575
2288.181
2638.813
2532.557
2665.155
2762.605
3931.124
2498.113
2845.101
2317.309
2645.601
4522.808
3676.977
1942.687
2211.712
3831.591
5016.916
3964.875
3624.868
2169.032
3225.435
4683.893
2530.318
3878.757
4501.212
3676.224
3062.170
3016.371
4036.468
3836.829
3292.669
4144.903
3258.288
4638.642
4380.044
4810.315
4837.714
3853.206
3809.858
4765.566
4372.351
2581.332
2235.718
3931.064
3676.239
2730.992
3200.434
2952.889
4472.002
4281.633
3717.899
3557.071
3630.783
6635.424
4062.958
3223.799
3384.940
3619.947
3215.309
3976.174
3258.400
3603.354
4240.535
4178.692
2239.939
3779.311
5003.855
3857.128
3409.009
3281.232
6298.501
3080.219
4967.369
3911.670
2231.535
2424.907
5360.130
2694.249
3263.913
5541.552
2166.137
3945.425
2530.403
2620.995
4880.123
2507.497
3317.405
3012.687
6584.164
4545.461
2113.096
4703.328
7405.907
3118.973
4029.311
3348.369
2130.371
2376.270
3306.068
5625.870
4355.617
3628.761
3201.511
2955.355
3527.243
2367.392
3549.278
3209.017
2793.707
4295.651
2393.901
2895.255
3074.836
2781.808
2667.040
4365.105
2733.268
2665.482
2610.724
2849.620
2997.927
2607.558
2389.401
2337.564
2535.705
2147.384
2795.838
2967.536
2160.404
3110.655
3067.207
4609.786
2935.722
3424.086
2840.079
5575.366
3618.680
2264.138
3265.183
6056.409
3586.460
3593.709
2565.268
3210.098
3510.810
3448.904
5017.884
2583.839
2401.568
2589.624
2242.707
1973.815
2897.460
4019.856
3825.530
2134.033
2483.580
4285.052
4509.207
3558.312
4865.665
4153.483
3837.820
5746.510
4638.232
5682.372
2996.691
2552.945
4067.127
3489.736
3453.493
3760.632
3824.424
2949.528
3343.906
3670.227
3426.507
5251.147
5548.943
5473.595
3703.129
3631.152
3986.787
3778.819
2812.851
4118.670
4666.176
3925.391
2133.448
3273.316
5004.264
3908.455
2372.857
4066.952
2682.872
5571.384
2843.563
4381.903
4152.741
3384.270
3303.133
3726.706
2519.708
3224.906
2638.791
3195.308
3979.210
3111.716
2493.851
2738.770
4198.350
3522.962
2883.080
3720.894
4894.108
3796.678
3015.146
8022.401
3862.724
3759.827
3597.695
2256.360
2635.438
2532.307
3770.638
4701.667
3511.865
3200.144
3343.415
4041.333
4555.710
3945.086
2571.464
4935.019
4167.657
4101.567
3386.866
2304.472
4474.878
3864.009
3304.131
2404.120
4915.740
3604.144
2443.749
2418.190
3454.201
3918.856
2407.473
3958.169
3001.507
3692.493
3978.021
2233.397
2752.438
3451.321
3221.352
4044.946
4158.501
3219.225
5892.407
4710.041
3003.553
2708.439
2509.687
3213.093
3594.555
3039.379
3494.333
4691.239
4516.214
3110.874
2529.506
2638.843
3994.714
3365.263
4382.588
3289.517
3019.523
3383.506
3850.747
5466.502
4478.633
4666.969
4252.560
5135.387
3431.320
2697.960
3618.222
2987.232
2993.409
2346.300
4375.055
3358.793
2304.368
4181.858
3549.539
2274.361
3999.952
5977.422
2252.903
3874.216
3213.257
2985.444
4188.105
4317.153
2488.546
3855.094
4532.538
3205.217
3637.116
2873.469
5349.424
4403.237
2161.983
4576.381
4133.023
3407.128
3134.418
4190.497
4214.950
3108.125
3740.970
4860.744
2838.332
4420.199
2683.274
3804.155
2086.516
3103.230
2587.575
5036.090
3837.440
2441.190
4109.487
4875.217
4108.265
3813.587
7797.971
3854.919
3886.446
3310.487
2189.472
2844.315
2514.526
5678.993
2328.523
3070.291
2646.506
3404.286
2828.065
4840.333
2596.732
3314.860
3443.297
2902.973
4069.578
2497.029
3274.329
1986.004
2063.449
2541.825
3613.573
2710.517
2501.529
3033.943
2740.290
4102.491
3416.352
2781.115
3375.135
2457.622
3041.964
2665.408
2286.509
2781.749
3369.674
3051.087
1197.767
4120.637
2605.915
3258.392
1771.823
4257.627
3603.276
3465.354
3685.467
4274.301
4424.602
4198.350
4378.166
2761.561
2590.191
3686.365
3735.520
5421.527
2592.202
3750.350
2365.571
2816.971
4470.419
4793.737
3052.376
3522.307
4272.345
4005.373
3678.866
3231.216
5900.651
4379.280
3780.235
5893.096
3419.958
3521.413
2900.518
2506.413
2703.764
3084.898
4798.178
3896.840
3189.143
4367.363
3632.892
3904.309
3765.419
4821.915
4945.364
2821.654
4020.713
3908.664
4593.831
2427.422
3883.976
4681.148
2766.322
3507.446
3320.187
4508.503
3698.349
3324.486
4701.313
4286.606
4547.462
4119.463
4012.380
4751.325
2229.184
5633.838
2962.984
3621.619
4059.695
2904.966
3221.594
3095.489
3489.964
5346.101
4185.960
2971.474
3301.993
5560.972
3594.700
3114.242
7685.661
3789.671
3460.143
2213.638
2371.851
3199.264
2531.540
2986.938
4412.550
2914.924
3021.106
2954.483
2878.983
3313.664
3945.366
3323.901
3575.392
4104.745
3320.321
4309.304
3323.216
2442.531
1938.116
2519.395
2586.976
3640.436
2344.228
2570.946
2749.916
2376.631
3461.901
3505.819
2480.321
2953.194
2841.640
3238.782
4126.236
2461.363
2442.453
2843.477
2225.351
3082.514
2628.375
3926.676
2546.050
2650.380
2552.725
4439.767
4692.048
4185.818
2961.788
4567.415
3258.809
2835.531
3529.150
2293.665
3388.170
2270.661
4720.818
4173.487
3690.027
2649.184
3700.033
3404.874
2915.889
3062.781
5126.581
2693.359
4204.687
3125.153
2605.308
3221.549
5004.566
5531.251
3684.454
4354.771
5207.445
3950.879
2221.957
2242.927
3191.695
3934.354
1890.957
4258.782
4399.620
3711.428
2716.344
4064.567
5167.358
3269.412
3389.042
5736.068
4934.058
2301.324
3704.902
4497.573
3444.791
2668.057
3589.556
4692.208
3443.111
4050.788
5817.164
3850.404
2654.679
2629.030
3344.342
3848.530
3571.395
3260.061
4220.258
4058.905
4584.756
5490.944
3659.088
2113.249
3763.922
2868.913
5600.352
3572.665
3443.964
5265.355
5930.807
3729.712
4415.657
5727.224
8671.124
2218.436
2433.866
3016.844
3143.955
3525.820
3232.479
3796.656
4924.279
3175.899
3739.346
2838.735
4169.583
4268.467
3124.442
3589.656
3794.838
3895.309
3718.015
4318.479
2984.557
2883.010
2746.627
3343.731
2759.740
2520.364
2790.909
2609.525
2506.655
2666.619
3644.198
2601.493
2240.736
3314.462
2651.289
4545.230
2918.944
2825.122
3515.400
3510.617
4290.745
2666.872
2481.140
3225.565
2709.366
7010.393
3656.074
2701.260
5083.870
3675.345
3537.815
3819.153
3105.074
3117.587
3847.349
3290.676
3650.602
3366.411
3796.760
2414.268
3301.527
2783.112
3256.306
3098.451
2235.014
4186.060
3529.888
2654.731
3543.068
3766.276
5320.657
5078.588
5259.510
4546.717
6613.050
2623.621
3301.911
3208.883
2572.577
3709.488
4086.800
3919.166
2425.332
4484.359
3950.745
4397.932
3793.873
4177.906
4799.955
4137.374
3336.675
3619.473
4241.381
3355.358
4779.994
4340.280
4145.015
3183.894
4128.825
2920.352
4028.171
4547.410
5013.857
5571.149
2891.470
5585.216
4736.643
4499.171
4077.494
3375.661
3697.101
3994.200
3298.093
3184.583
2679.896
3679.674
4349.127
3155.790
2301.462
3784.403
4693.512
3707.256
2306.629
6834.533
4781.220
3913.555
3167.778
2244.670
2554.744
2947.893
2355.400
6235.473
1669.813
4037.008
4125.938
3345.739
4561.376
3493.138
4191.525
3615.472
3595.795
5072.452
2815.522
3206.015
3147.032
3177.460
1526.535
1475.971
2993.353
3435.165
3697.231
2453.800
2918.456
3963.605
2581.436
2807.472
2459.791
3070.515
4256.707
2603.177
4077.680
4389.547
4456.673
4478.779
4569.411
3286.559
3838.710
2974.492
5125.321
4109.051
3646.925
2507.452
6012.525
4003.871
2487.391
4840.698
2657.011
4464.529
3499.016
4479.039
3465.593
3615.022
2670.515
2668.560
3901.888
3480.587
2348.807
3507.253
4337.616
3297.657
4072.491
4464.056
3431.689
5815.245
5656.738
3673.177
6014.958
3957.007
2861.317
2687.540
2718.776
3397.558
3142.640
3106.948
3816.836
3057.245
5058.937
2500.165
4621.096
4631.802
2576.496
5515.531
3604.159
5021.099
3789.615
4300.203
4077.420
2808.500
3703.147
4332.040
3203.921
4075.166
4106.835
4730.392
5716.145
5045.939
3101.751
2968.475
4069.928
3419.057
3564.101
5490.322
2877.694
2531.409
3645.062
5322.121
2292.562
2311.081
3095.079
3197.510
4665.244
3282.078
2793.062
5499.892
4052.158
4243.731
8650.426
2419.487
3623.027
3609.013
3855.735
2352.118
2584.968
4152.037
4023.504
3541.257
1669.910
3252.666
3134.001
3018.104
4457.563
3786.232
2914.771
3595.036
2529.867
3146.026
4485.290
2971.560
1921.985
2361.391
1158.968
3280.334
3224.473
Elapsed: 0.473526634
Message Size: 262144
