1536.806
1618.798
2569.487
3044.790
3108.479
3161.246
3195.427
3239.281
1269.290
2243.814
3321.045
3394.555
3448.937
3513.914
3566.689
3699.186
1463.337
1508.082
1989.759
2054.366
2407.042
2556.362
2848.918
3064.325
1454.695
1892.450
2247.603
2295.809
2330.911
2403.773
2644.311
2828.634
1048.737
1639.063
2090.229
2114.407
2501.889
2527.237
2615.627
2826.526
1355.202
1753.099
1808.751
2200.581
2223.552
2392.868
2550.973
2708.423
992.215
1590.059
2056.993
2091.304
2217.059
2356.172
2785.944
2809.148
1290.815
1493.636
1858.163
1893.049
2033.414
2571.304
2598.250
2623.270
1502.548
1778.331
2093.152
2129.520
2200.564
2426.549
2654.134
3037.452
1015.943
1575.771
1804.720
1828.227
2181.446
2353.488
2519.779
2749.227
1242.858
1697.900
1784.036
2081.206
2130.814
2302.857
2528.037
2716.612
1202.202
1278.092
1715.276
1796.203
2044.477
2256.702
2281.008
2465.212
1071.639
1377.471
1701.527
2007.573
2029.556
2133.470
2365.873
2542.789
838.463
1938.068
2039.591
2104.779
2273.456
2461.848
2785.629
2804.305
970.597
2260.994
2295.418
2434.686
2485.147
2658.223
2974.875
3003.882
913.806
1802.100
1875.762
2361.519
2587.188
2697.164
2941.601
3077.687
1401.245
1944.555
2142.641
2202.619
2508.667
2557.149
2682.957
2969.105
1576.966
1620.262
2073.167
2150.446
2208.157
2314.877
2482.038
2783.693
762.530
1155.039
1858.915
2011.192
2050.302
2128.707
2326.688
2502.389
1125.379
1598.253
1667.970
1971.035
2030.815
2149.217
2290.583
2541.483
1090.993
1918.424
2034.504
2127.269
2153.032
2346.219
2568.346
2783.550
1109.152
1156.934
1909.874
1969.474
2266.581
2296.680
2452.573
2844.420
882.078
1999.636
2167.006
2227.818
2275.923
2500.582
2757.940
2786.238
1406.679
2039.769
2106.158
2195.108
2275.493
2390.563
2475.320
2812.992
1408.165
1470.440
1518.648
2333.563
2563.747
2959.887
3008.965
3151.340
1012.216
1551.811
2041.569
2092.954
2183.073
2307.614
2533.058
2672.572
818.155
2296.276
2326.223
2372.262
2389.905
2548.541
3307.641
3333.310
1062.237
2151.604
2197.317
2370.608
2412.723
2718.717
3032.789
3055.893
1380.612
1456.535
1961.418
2001.149
2146.819
2303.978
2830.003
2982.538
1711.150
1967.748
2022.723
2064.777
2487.125
2512.898
2532.280
2762.081
1203.504
2371.287
2670.868
2710.257
2776.009
3018.985
3051.338
3274.430
1706.294
2111.378
2188.472
2233.102
2385.454
2408.455
2665.128
2787.056
1197.226
1704.971
2261.572
2292.862
2321.615
2405.537
2620.736
2825.478
1336.076
1832.143
1895.702
1965.664
2132.435
2450.714
2458.691
2598.514
977.718
1575.167
1948.002
2127.395
2170.460
2458.201
2786.312
2805.452
866.349
1580.874
1632.678
1774.557
2030.677
2296.157
2595.804
2631.311
1446.152
1969.995
2198.692
2468.798
2501.845
2733.682
2914.283
3126.765
1144.049
1684.985
1732.929
2020.066
2183.796
2308.783
2691.372
2714.345
1612.143
1666.361
2145.740
2475.534
2496.368
2551.279
2958.118
3211.580
1520.051
1893.603
1932.791
2351.470
2415.997
2759.095
2779.351
2946.298
1294.047
1427.522
1958.841
2025.338
2199.108
2220.187
2758.680
2776.107
995.355
1392.567
2094.348
2128.846
2310.343
2335.462
2582.362
2868.223
1674.720
2078.913
2257.379
2319.706
2362.401
2401.775
2599.029
2863.319
1349.530
1414.902
1971.386
2288.006
2372.311
2933.905
2959.072
3078.423
1597.665
1926.636
2275.847
2352.418
2408.740
2622.154
2648.257
3091.554
945.852
1470.621
1920.342
1952.693
2000.651
2148.298
2408.909
2579.102
862.534
1974.278
2017.019
2041.177
2312.773
2336.586
2530.979
2762.377
1419.933
1983.181
2033.017
2120.030
2766.480
2800.483
2831.718
3175.022
1537.278
1701.157
2061.120
2089.248
2172.301
2317.071
2523.674
2777.125
1056.615
1674.153
1747.522
1972.436
2060.581
2273.278
2719.263
2743.040
1231.572
1702.212
1784.015
2089.067
2113.704
2305.042
2493.592
2793.446
989.508
1702.674
1911.437
1943.791
2068.529
2305.182
2438.003
2602.625
1350.361
1653.242
1705.320
1760.384
2087.777
2120.970
2453.798
2629.065
1585.643
1879.525
2099.409
2386.674
2409.502
2433.981
2523.111
2721.519
928.628
1649.339
2003.335
2026.581
2183.772
2375.756
2515.803
2833.240
1792.509
1866.461
1911.215
1960.706
2002.314
2141.986
2336.158
2553.580
1274.117
1450.942
1479.797
1913.200
2158.846
2207.095
2708.091
2727.938
1196.530
1380.342
2180.577
2225.156
2327.521
2633.487
2853.969
3111.336
1036.829
1263.516
2032.385
2097.396
2313.703
2714.966
2752.747
2870.605
1091.370
1205.037
2358.384
2431.426
2518.857
2792.549
2814.360
3049.279
1356.373
1448.377
1523.384
2033.129
2233.332
2415.751
2636.771
2871.826
1326.628
1830.296
2176.536
2241.843
2380.408
2426.667
2588.148
2735.596
1249.529
1902.194
2056.047
2076.422
2218.844
2446.575
2607.453
2772.237
1116.034
1610.025
2086.585
2285.716
2327.665
2665.296
2880.135
2916.967
1340.438
1667.307
1908.266
1931.935
2045.265
2331.990
2886.387
2910.616
1027.240
1711.942
1745.938
2068.501
2218.943
2433.029
2654.946
2915.585
1379.469
2005.508
2079.077
2119.284
2325.405
2348.274
2653.117
2671.917
1203.420
1770.293
1811.117
1948.695
2040.304
2285.872
2473.578
2705.153
1040.300
2244.568
2315.856
2354.231
2403.412
2639.246
2889.830
3019.121
1088.833
1342.891
1543.312
1956.902
2204.280
2240.962
2622.658
3003.775
1117.777
1676.477
2005.187
2075.133
2244.588
2531.602
2551.157
2760.860
1627.599
1725.806
1790.233
1869.820
2442.847
2628.820
2789.444
3007.561
1466.863
1530.224
1727.733
2026.113
2106.268
2314.250
2459.071
2939.169
997.748
2044.319
2133.381
2437.092
2464.395
2489.560
2661.098
2798.968
1181.702
1729.515
2147.953
2241.364
2482.953
2684.104
2906.426
2949.009
1133.996
1615.979
1733.840
2182.325
2363.302
2439.782
2995.049
3014.953
968.230
1891.037
2284.462
2325.680
2451.667
2696.185
2994.312
3006.150
1136.483
2208.367
2255.627
2456.872
2633.596
2846.655
3040.021
3233.065
697.886
2123.388
2178.206
2396.355
2455.433
2798.991
2819.966
2943.925
1131.111
1204.666
1924.807
2182.661
2282.333
2572.517
2619.094
2844.187
1059.208
2114.586
2190.014
2409.650
2434.469
2529.125
2754.087
3047.797
938.637
2086.482
2247.825
2305.014
2375.472
2689.012
2895.707
3118.891
1700.241
1977.108
2128.671
2173.048
2611.408
2636.289
2780.185
3189.393
1578.372
1633.634
2105.415
2125.466
2150.939
2292.615
2524.031
2685.260
1380.959
2022.190
2051.507
2073.357
2134.831
2274.417
2495.471
2828.802
1253.678
1928.854
2006.586
2125.412
2199.156
2393.761
2522.672
2723.148
1008.709
1802.155
2080.566
2135.621
2236.474
2495.977
2680.427
2899.678
1131.514
1620.803
1733.247
2126.741
2406.956
2801.197
2827.289
3053.123
1132.181
2086.671
2126.835
2155.403
2247.421
2330.870
2619.089
2745.282
1289.167
1512.825
1865.598
2318.257
2348.172
2371.868
2557.896
2813.135
879.629
1500.827
1813.707
1891.312
2123.693
2292.896
2447.971
2698.648
1253.912
1359.007
1753.138
1829.793
1929.393
2141.271
2443.281
2633.771
1117.181
1436.046
1575.542
2210.463
2426.256
2824.758
2845.934
2994.267
1090.173
1355.811
1805.402
1856.583
2077.756
2501.412
2526.899
2735.247
1257.553
1490.689
1893.233
1966.896
2150.134
2219.012
2341.385
2547.170
1164.688
1694.419
1930.031
2208.620
2266.604
2319.341
2444.935
2724.033
1024.986
1078.783
1845.233
1930.551
2089.090
2130.734
2360.403
2534.839
1274.056
2119.007
2217.840
2245.768
2323.744
2430.010
2716.700
2760.419
1531.011
1890.994
1950.719
2022.370
2257.244
2444.781
2835.781
2854.280
1501.343
1684.827
2041.821
2202.634
2259.467
2309.376
2424.351
2627.994
969.349
1198.277
1723.029
1919.119
1998.233
2169.959
3048.381
3073.750
1304.168
1620.736
1843.944
1867.081
2090.719
2282.456
2834.815
2859.264
867.627
1575.419
1782.132
1849.779
2053.241
2175.868
2362.118
2490.139
799.855
2203.755
2251.006
2498.941
2521.882
2943.750
2965.009
3354.443
1162.203
1794.618
2339.450
2361.916
2391.987
2537.927
3233.865
3255.217
1046.546
1502.071
2150.452
2240.191
2460.673
2574.029
2904.777
3278.454
1065.186
1380.659
2300.972
2331.892
2353.503
2534.526
2736.122
2973.654
975.417
1844.875
2361.538
2366.045
2385.129
2408.308
2608.364
2780.998
1350.663
1716.333
1875.364
1943.367
2384.572
2404.930
2557.052
2821.428
1469.190
1708.494
2316.455
2368.330
2398.950
2440.398
2700.563
2885.116
1253.840
1794.172
1851.369
2133.494
2162.855
2436.833
2693.500
2718.726
1096.007
1565.842
2004.116
2029.265
2223.266
2780.926
2803.566
3164.550
1048.572
1723.620
1808.920
1856.634
1943.321
2336.764
2839.287
2860.170
1117.384
1519.564
1958.242
2061.890
2253.973
2283.271
2565.233
2685.939
1221.158
1855.101
2170.222
2251.285
2309.351
2353.662
2502.348
2738.426
1139.806
1482.908
2067.082
2367.122
2413.528
2506.671
2908.703
2932.411
1202.108
1537.355
2056.582
2193.520
2421.427
2437.626
2628.325
2765.156
1535.662
2085.139
2146.914
2202.685
2254.243
2405.278
2553.935
2703.150
1288.895
1882.906
2140.990
2256.853
2445.552
2468.210
2642.157
2848.597
1269.118
2054.553
2115.619
2361.866
2425.924
2634.686
2910.154
2930.613
864.342
1462.322
1513.981
2032.329
2181.834
2256.103
2670.846
2691.544
1319.880
1774.096
2187.923
2334.732
2482.097
2764.596
2796.274
2908.087
1426.673
1504.756
2004.277
2089.849
2142.743
2308.853
2532.457
2642.229
1574.946
1670.166
1770.903
1826.002
1857.871
2204.163
2468.588
2639.064
1389.534
1460.347
1649.674
2238.400
2339.003
2393.368
2484.595
2605.408
Elapsed: 0.373939689
Message Size: 262144
