16309.919
331.804
328.559
342.215
335.717
326.056
335.132
331.506
331.258
330.468
333.096
295.869
28105.924
24127.898
225.640
341.018
328.950
333.649
329.090
332.012
327.798
330.843
328.946
330.501
327.648
318.581
3933.966
3955.828
12086.354
218.891
325.034
331.858
332.281
328.420
329.098
328.816
328.591
327.648
331.614
329.176
329.763
3991.339
3975.584
4005.745
236.698
289.009
334.208
329.860
329.287
327.684
330.939
327.510
329.653
329.313
328.893
327.415
3989.695
3995.405
4040.913
3999.946
4002.840
4019.433
8283.802
3916.193
3993.387
3995.888
3981.242
3990.089
4014.277
28195.207
326.318
328.601
331.977
327.171
330.223
329.571
329.841
329.911
328.062
328.251
327.391
3989.728
4002.338
4011.340
235.451
28426.900
301.415
323.919
317.722
320.197
316.919
9866.225
26021.802
250.374
924.497
319.224
319.703
319.504
306.045
3685.773
1804.293
3996.968
4000.280
498.477
335.453
328.983
330.644
327.123
333.125
4287.491
2297.771
4000.862
3991.187
3997.298
4059.070
5688.555
3933.419
4185.471
5962.670
52186.219
6170.822
286.876
289.810
280.330
279.972
282.906
287.233
2006.547
2139.422
2173.290
473.758
398.317
1584.513
3996.407
630.813
3987.039
3994.261
5968.803
7987.812
4252.589
4002.668
4188.396
6438.458
4284.656
473.596
1153.836
700.466
3982.554
4012.278
4057.108
3931.694
4008.645
4188.108
3701.261
3981.996
6834.229
3927.958
4003.597
6749.873
4042.393
658.023
754.030
3865.236
4189.013
3985.989
4003.729
3944.894
4009.338
4111.379
3992.020
3986.859
3995.029
7234.249
3995.241
3774.523
3781.149
4000.881
7334.407
3716.610
3989.882
3983.495
4187.526
3923.917
4026.772
4302.488
4370.021
4007.109
3995.528
4187.356
3942.268
3891.372
3938.408
3993.402
3990.182
3781.050
4005.026
3988.657
3988.392
3994.696
4190.075
3934.382
3992.186
4186.968
3939.827
4266.449
4005.095
3983.445
3983.746
4189.036
4000.965
3965.420
3937.102
4000.347
3997.675
3995.641
4188.411
3688.227
4025.643
4073.566
3983.194
4188.753
3983.795
3993.962
4046.056
3946.421
4043.873
3989.790
3995.252
3993.082
3948.890
4186.312
3989.407
3953.765
3987.797
3995.308
3989.797
3942.110
3935.942
3994.050
4186.312
3988.061
3989.129
3997.570
3812.801
3927.497
3991.907
4189.716
4186.839
4178.431
3999.858
4036.989
4190.402
3710.778
3988.496
4189.142
3990.769
3676.141
4052.049
4034.083
3987.715
3986.844
4188.644
4001.794
4039.779
3953.892
4035.162
3996.662
3993.141
3995.871
3953.465
3991.019
3958.192
3987.718
577.006
4186.965
3842.772
3399.715
3981.704
4188.776
3601.034
3791.507
3948.028
3975.576
4183.857
4142.457
4008.529
3995.660
4192.202
4037.528
3993.169
3990.394
3996.164
3983.919
3998.736
3990.304
4001.217
3995.044
3989.337
3933.952
3992.157
4004.933
3988.039
3980.405
3989.672
4192.862
3861.159
3989.213
4190.006
4001.691
4006.126
4181.801
3997.279
4198.324
4187.985
3995.078
3989.551
3920.440
3998.695
3985.435
3983.442
3980.233
3989.018
4190.029
3861.656
3976.630
4189.578
3988.429
4006.458
4177.068
4046.929
4189.219
4187.566
3971.266
4182.030
3999.392
4042.621
3934.326
4048.888
4002.116
4180.661
3985.470
3999.981
4004.282
3880.668
4005.686
3945.165
465.096
830.187
761.681
763.203
764.243
764.065
761.730
761.983
749.778
4177.148
3987.077
4000.509
658.742
4028.404
675.305
766.380
761.740
760.684
760.996
760.686
758.723
759.410
760.114
3993.900
737.125
3986.585
3999.995
4037.757
650.071
4000.099
679.127
767.672
763.699
762.483
762.256
761.818
762.198
762.701
761.602
4003.513
4002.012
3989.011
4187.063
3949.229
676.532
3961.534
666.848
773.555
792.815
787.323
787.255
787.709
787.998
787.534
788.291
745.200
3994.794
3988.528
3987.256
4188.813
4000.503
666.009
3968.253
702.111
767.832
761.484
762.196
762.246
762.052
761.492
761.350
762.021
710.467
3993.691
3986.723
4001.592
4018.585
682.969
748.235
790.222
789.255
786.809
786.765
785.972
785.653
783.819
3994.135
767.306
3990.416
3990.167
3995.978
644.428
3986.470
658.305
766.745
762.885
762.289
762.689
762.507
761.389
762.534
763.255
3996.219
4005.858
700.352
3995.572
3993.555
4188.779
676.976
3993.867
761.642
793.453
787.335
786.257
786.035
786.009
782.678
783.444
753.813
3994.855
4188.533
3985.450
665.290
3971.861
708.074
793.662
785.854
785.008
785.064
794.309
787.096
787.272
784.778
3993.526
3995.689
3994.398
3996.341
3990.617
697.827
3810.040
681.718
769.455
786.820
787.450
786.053
785.437
783.055
782.824
784.980
744.884
3988.834
4178.792
4186.845
4189.414
667.988
714.938
790.269
787.392
785.603
785.374
783.346
785.269
784.343
783.158
3995.470
3991.394
3995.592
3989.653
636.213
3999.501
631.084
767.002
762.814
760.480
761.629
761.023
760.126
762.225
763.018
3993.552
722.781
4001.638
3996.310
3994.165
4189.645
653.048
3994.049
700.488
765.999
760.090
760.537
760.413
761.153
761.075
761.882
3639.827
760.272
710.625
3994.621
4189.020
3987.592
4057.437
676.396
4099.364
728.517
761.819
760.920
759.175
759.083
759.759
760.528
760.066
758.861
3994.143
3930.665
4345.324
633.705
3881.687
641.257
768.480
763.358
760.309
760.173
760.048
759.894
760.799
760.734
3994.100
736.857
4004.339
3988.790
3985.234
660.509
3997.382
709.216
793.389
786.837
791.498
789.498
784.100
789.256
789.211
786.264
3996.087
3989.140
3992.978
3713.762
4190.692
696.397
669.877
751.479
761.087
761.313
760.947
760.180
3980.177
4185.593
4004.908
4001.981
4040.828
8072.744
3963.482
3990.773
3979.382
5993.866
4002.861
4037.396
3993.049
3993.800
3985.266
4185.425
3948.629
3992.136
3999.540
4187.015
3987.452
3995.725
4002.589
3994.136
3995.236
3989.346
4195.489
3992.271
3996.430
3993.568
3991.541
4187.404
3993.777
4187.121
3992.739
3998.495
3989.360
4252.711
3983.059
3992.306
3995.369
4190.102
3994.904
3985.830
3984.954
4188.135
3993.145
3988.969
3993.888
3995.346
3995.946
3993.012
3992.484
3986.965
3989.014
4188.919
3986.533
3997.092
3995.494
3995.614
3990.468
3995.846
3993.409
3991.347
3993.651
3995.740
3997.802
4194.683
3990.138
3995.429
3991.428
3984.652
3989.371
3996.336
3993.610
4004.296
4037.177
3995.022
3993.051
4190.448
4186.826
3983.471
3950.935
3992.413
3990.731
3989.953
3993.437
4189.093
3992.496
3991.585
3987.138
3997.540
3999.937
3996.249
3992.433
3995.985
4188.866
3992.966
3988.506
3993.518
3986.944
4004.530
4040.398
3994.174
3992.952
3995.110
3986.000
4188.978
3993.926
3991.270
3993.350
3990.339
4243.174
3995.442
3991.434
3995.297
3993.233
3989.086
3982.215
3995.609
3993.601
3992.536
3996.523
1900.998
4246.260
3995.431
3993.617
3986.228
1953.698
2152.509
3992.517
6085.971
4055.589
1900.896
6036.321
3931.931
3987.471
6089.300
3993.607
3991.761
3988.815
6087.868
3996.696
3995.872
3993.836
3985.665
3994.763
3995.202
3993.201
3994.053
4245.732
3998.712
1958.776
3992.978
3985.515
3993.377
4055.797
6037.220
3991.691
3983.223
3991.652
3983.848
4189.184
3992.374
3996.389
3989.816
3993.911
3996.307
3992.925
3987.712
3995.487
3993.546
3988.254
3994.216
4248.317
3995.366
3993.379
3995.669
3989.930
3992.986
3993.715
3995.696
3994.178
3987.569
3993.475
3995.489
3992.652
4242.938
3990.273
3993.298
3995.376
3993.915
3987.005
3993.867
3996.027
3993.266
4244.901
3991.197
3995.336
3993.528
3994.903
3989.144
3995.945
3993.990
3991.612
3988.561
4245.623
3995.066
3993.243
3988.133
3996.890
3993.835
3995.868
3988.754
3994.072
4244.919
3993.448
3995.398
3992.888
3987.270
3996.091
3994.257
3993.790
3992.126
4245.276
3993.106
3995.038
3992.219
3988.593
3995.689
3993.592
4242.968
3991.652
394.966
392.295
392.379
392.147
390.394
390.929
393.382
391.580
390.066
3995.088
3993.443
3995.654
394.461
3990.343
393.932
391.802
391.184
390.988
391.005
390.783
392.004
391.386
391.344
3995.399
3993.426
393.408
4243.283
3994.927
394.166
391.910
392.962
390.625
390.684
390.294
391.507
391.427
391.135
3988.530
3988.713
393.058
3993.779
3991.344
395.270
392.126
391.630
390.449
391.244
391.607
3874.539
4003.309
4001.326
4000.399
3991.220
3994.292
3986.118
4110.249
3993.742
3995.938
3990.219
3994.296
3995.068
3993.119
3988.216
3993.693
415.661
408.651
409.093
409.199
407.487
408.821
407.019
394.669
392.094
3996.411
3994.584
395.909
305.005
320.139
392.491
295.702
293.210
294.504
293.686
393.643
394.851
392.556
392.308
393.964
7073.231
7084.496
5489.383
306.589
320.973
408.690
296.515
292.957
408.199
294.281
294.218
408.952
408.491
407.662
408.656
408.178
407.405
407.550
417.367
407.637
408.487
408.050
407.510
406.804
409.113
7086.322
7075.019
365.432
359.674
366.669
364.535
364.110
366.364
367.527
365.543
364.927
366.734
364.228
366.473
366.347
364.297
366.474
364.392
367.000
365.004
366.252
364.149
368.486
370.582
364.410
366.697
366.205
364.309
364.578
366.552
364.713
366.831
365.223
367.127
365.336
367.211
367.208
365.405
366.058
364.018
367.539
365.632
446.311
447.678
446.072
446.247
445.176
445.949
445.093
445.049
446.347
451.419
446.563
Elapsed: 0.523542428
Message Size: 262144
