6942.338
11071.539
11858.026
13465.015
13970.393
14225.597
14734.850
15911.816
5397.501
7423.227
8007.844
9291.030
12429.904
12731.621
12922.918
13085.431
5890.822
6253.383
9782.123
10129.508
10566.286
11792.925
12363.627
12478.627
5324.661
7025.604
7477.185
9201.758
11981.782
12162.271
12499.127
13243.148
4919.961
6924.871
7714.711
9459.736
10068.647
11059.348
12247.174
12845.157
4596.948
6848.036
6923.643
8265.902
10070.720
10462.858
12003.048
12012.615
5157.898
6409.352
7522.324
9766.699
9777.359
10983.214
11162.992
11487.530
5806.495
6693.493
8539.760
9046.206
9472.925
10866.285
11551.310
12919.317
5510.409
7325.786
8161.389
10968.144
11451.951
12572.553
13540.295
13671.779
6615.840
7875.993
8112.528
9560.541
10756.423
11221.516
12002.965
13045.417
4486.722
6056.442
9361.150
11784.268
11994.954
12064.462
12665.427
13773.055
8361.798
9724.324
10559.173
10855.834
11133.934
11798.267
12014.768
12840.360
4825.354
5599.921
8111.501
9820.421
10537.978
11040.803
11896.798
12528.904
5640.730
7723.181
8259.003
9289.945
11805.077
11818.192
12845.961
12990.135
5912.105
7347.707
7884.528
10909.276
12705.027
12711.604
12719.123
13996.860
6012.016
7201.256
7503.534
8718.484
9624.165
11738.129
12913.929
13053.784
6184.037
7359.822
8745.500
9549.807
10215.569
11347.799
12857.771
13000.718
6796.445
7057.709
10020.906
10670.560
11045.529
12894.841
13036.502
13170.534
4473.621
7558.408
8201.631
8493.912
9657.687
10513.241
11429.883
11572.922
4118.762
5621.915
9059.998
9800.441
10015.546
10753.939
11453.493
11917.286
5023.584
6270.879
7015.325
9329.555
10018.669
11621.099
11795.331
12349.003
5173.573
8932.068
9619.056
10264.113
10868.559
11652.534
12555.098
13685.768
6489.108
8839.366
9377.147
9743.228
11017.786
11027.187
12101.975
12234.977
5653.503
6047.717
6744.483
9673.291
11752.962
11763.672
13123.365
13128.471
5038.853
9977.533
10322.041
10528.810
12347.386
12567.417
13757.342
13769.450
3432.147
5952.965
7124.748
9672.034
10702.728
12071.538
12078.020
12780.024
6603.430
7136.184
9124.903
10807.952
11202.558
11436.206
12880.982
13020.220
6281.540
7158.021
8729.157
9920.005
10108.817
10703.169
10913.957
11740.900
4986.668
5304.214
5826.472
9120.741
10893.058
13673.550
13685.674
13690.334
5096.862
8220.057
9335.960
10454.349
10869.501
11864.248
12039.219
12617.414
4885.580
5690.608
8053.422
9428.403
10140.275
10380.984
11714.456
11866.055
5300.790
6930.423
8177.994
9091.540
9856.528
10273.730
11050.748
11496.576
5597.658
6353.909
7117.695
8842.187
11918.857
12086.361
12322.650
12494.419
4447.545
8213.464
8925.700
11057.634
11349.696
11679.527
12420.204
13009.808
3649.829
5422.203
6745.475
9106.304
11360.628
11560.387
11817.686
12924.999
6084.699
7556.369
9894.046
10175.914
10798.559
10814.819
11761.617
12272.083
5580.228
5873.050
9797.317
10111.581
10542.565
11578.809
12179.546
12703.871
5931.179
8976.044
9469.912
9894.655
10734.440
10747.196
12407.151
12543.199
5407.851
6090.460
8618.198
9376.437
9559.676
10288.795
12273.437
12409.394
4925.730
5885.732
7318.067
9205.045
10462.104
11993.406
12216.150
12751.968
6549.197
7862.209
10553.889
11499.911
11680.374
12517.137
13816.969
13822.698
6090.695
8122.805
9125.544
10055.914
10677.714
12291.461
12427.344
12565.185
5702.165
6098.822
7347.207
9622.813
11718.477
11725.921
12783.079
12931.984
6812.471
8360.572
10193.967
11896.294
12213.481
12477.137
14097.006
14240.369
5992.567
6340.343
8640.386
9171.651
10235.678
10603.938
12156.335
12165.418
5207.223
6047.904
9256.221
10108.462
10126.899
10858.589
12340.447
12486.286
5942.822
6436.397
6712.028
7784.080
10680.286
10691.580
11788.716
11943.187
4032.309
4988.330
7525.573
10204.798
10453.586
12533.887
12542.428
12545.519
4802.008
7730.485
9189.831
10003.306
10328.172
11640.202
11646.304
12415.607
6733.157
7209.442
8903.278
9807.801
10119.945
10559.753
12309.356
12446.860
4592.997
6688.544
9086.001
9800.767
10520.966
11635.416
13204.568
13212.834
4389.691
7609.167
9427.020
9993.512
11188.762
11466.687
12230.731
12872.851
5968.063
7149.985
7863.120
9816.059
11463.077
11788.212
12566.541
13249.526
4902.268
5141.700
8892.863
9410.489
10435.260
12457.266
12604.599
12744.637
7246.739
8633.294
9668.474
10456.641
10966.518
11375.435
12442.773
12585.401
4993.120
8905.920
9815.453
10088.025
10329.074
10621.498
11343.438
12029.806
5698.083
6870.540
7860.133
9391.088
12362.272
12510.901
12657.124
12793.540
6244.913
6607.774
7461.657
8641.128
9677.132
10719.623
11252.905
12164.070
7236.325
9998.673
10833.341
13058.688
13070.476
13079.331
13238.885
13830.917
5006.461
6071.614
6491.468
9664.037
10455.622
11085.815
12324.279
12467.021
7834.301
11530.510
11731.717
11891.958
12093.934
12318.607
12542.817
13266.335
6598.952
9707.234
10970.135
12103.894
12333.051
12607.137
14012.125
14159.341
5566.364
7404.020
8261.558
8540.090
9462.061
10384.644
11303.367
11777.320
6201.907
8325.384
9438.746
9754.180
10110.436
12145.161
12306.578
12449.113
5835.570
6765.750
7758.815
8681.014
10923.053
12648.272
12792.722
12929.408
4718.925
6937.921
10224.555
10533.270
10736.182
11163.471
11838.701
12925.663
5200.452
7118.257
10251.398
10727.618
11410.315
13470.109
13483.961
14067.918
5971.625
6214.606
9986.926
11215.541
12914.622
12924.326
13576.403
14466.282
5507.606
9677.128
9913.692
10139.052
10401.830
11050.169
13790.574
13800.317
4326.264
5105.344
8314.958
10811.654
11675.366
13170.473
14151.934
14160.454
5884.749
7164.614
7870.538
8733.890
9668.574
13042.877
13187.693
13196.249
3023.760
6343.866
8481.481
9620.126
9792.326
10035.772
10710.644
11716.890
5858.926
9173.448
9866.206
10511.166
11070.343
11096.008
12097.551
13023.453
5997.251
7370.070
8206.787
8476.652
10214.180
12968.136
12978.207
12981.004
5535.868
6495.804
8643.964
10115.147
10611.153
11606.899
13055.346
13198.980
4376.031
5500.311
7481.118
8731.106
9996.064
10379.334
11155.588
12047.944
6404.784
6790.118
7929.803
8179.074
10208.106
12026.597
12173.446
12312.522
5303.034
6638.742
7552.034
8636.773
9215.180
10699.626
10864.571
11826.857
5254.499
5688.726
8133.725
8974.306
9371.929
9905.268
11434.707
11982.765
8929.058
9241.939
10500.321
10520.069
11721.122
11876.998
12748.764
12749.621
4665.235
6869.573
8112.571
10318.975
12419.860
12684.669
12701.931
13653.751
5384.311
5670.176
8546.510
9193.443
13381.601
13949.593
13956.598
13956.181
4800.482
8652.360
10198.144
10393.099
10925.492
10942.597
11777.059
13214.386
5235.763
6688.791
8656.846
9221.119
9788.808
10325.953
11606.451
13053.864
4773.237
5247.488
7959.783
9221.046
10727.713
10746.825
11334.667
11853.072
4810.378
8488.151
9713.771
10333.631
10882.807
11453.147
13282.202
13442.056
5554.913
8068.541
8664.914
8968.217
9788.551
10200.393
11443.834
11573.930
3959.634
5789.134
6893.304
8089.726
9476.164
10653.545
10664.601
11479.919
5271.442
6781.524
8763.536
9482.816
9771.134
10236.833
11269.190
11869.811
5185.752
6479.112
7900.042
8984.439
9420.122
12433.988
12576.590
12716.854
5010.812
9335.194
11406.735
11595.038
12256.653
12270.430
12272.179
13445.103
3327.244
6619.328
8274.878
10045.977
11147.537
11921.919
12844.180
12978.424
5885.911
8297.237
9538.988
10602.258
10840.694
11946.978
12591.335
13105.337
5816.196
7734.859
8094.933
9120.280
10107.962
10821.499
11454.461
12242.379
6660.138
7171.838
8331.340
8658.107
10503.316
11228.252
13095.599
13240.918
5992.845
7218.530
8402.578
10066.209
10541.441
11897.950
11912.982
12712.742
5715.355
6559.983
8553.493
9460.092
10035.574
11538.086
11962.295
12619.978
4013.109
7522.717
8518.798
10347.540
10772.741
11566.113
12243.717
12999.955
7000.178
7308.825
8204.405
8499.258
10117.651
10646.410
11484.383
12054.476
4720.124
5306.488
6511.047
8998.973
9312.555
9986.351
10765.662
11338.467
4653.486
6717.306
9016.986
9314.918
10164.750
10345.470
10819.099
11562.982
4358.794
8097.059
11136.601
11362.896
11885.175
11981.978
13073.136
13081.628
5943.327
7732.036
9584.857
12500.735
12511.041
12514.105
13237.412
13932.226
5343.063
7697.845
10692.495
11047.773
12573.989
12732.056
12880.370
13092.130
4564.642
4952.190
6651.294
9839.013
10617.817
10874.564
12624.703
12765.917
5926.362
6267.229
6754.300
9614.307
10595.246
12099.113
12310.413
12914.180
5562.080
6160.555
8483.712
10335.694
11074.882
11335.560
11605.578
12288.528
6001.757
7710.256
8943.229
10674.288
10925.721
12785.976
12985.865
12992.219
5524.739
6430.463
8539.537
10978.699
11355.970
13327.838
13605.803
13660.364
5863.994
6324.388
7910.469
8768.266
9599.114
10505.729
11962.790
12638.904
5021.510
7081.556
8681.040
9572.491
10043.149
11914.249
11930.437
13109.683
6204.254
6867.353
8307.441
9606.224
10944.939
11442.908
11982.007
13405.108
4195.852
6346.365
6926.492
8470.440
10658.958
12083.167
12235.690
13742.991
5276.075
8096.900
9566.702
10296.619
12211.227
12228.198
13720.099
13857.216
4485.284
5489.875
7982.536
8761.810
11214.588
13352.103
13487.916
13623.890
5605.269
6134.718
8202.477
10579.879
10743.631
11069.675
11572.054
12507.032
5858.983
6864.402
7955.405
10377.875
13096.976
13120.848
13124.158
13894.341
5220.079
6954.061
7725.260
8754.759
9828.066
10660.246
11607.902
12995.381
4384.769
6604.849
10015.064
11042.002
11736.757
12581.278
13701.835
14558.856
6783.636
7821.845
8226.001
8701.527
9702.300
10281.857
11217.852
11927.565
4562.732
5228.158
7157.993
9446.705
9929.988
10931.448
11995.953
12000.357
5770.136
6883.608
9899.731
9928.603
11761.126
11954.485
11975.128
12736.453
4864.848
5848.654
6443.485
8909.075
10070.209
10086.462
10924.671
11635.000
5250.409
5763.089
6893.477
8582.258
10043.115
10056.319
10220.754
11036.665
3198.707
6419.309
8570.322
8753.976
9809.505
10752.813
11509.559
12241.122
Elapsed: 1.683230365
Message Size: 1048576
