4361.385
2157.458
2142.495
2184.058
2130.674
2201.282
2124.138
2184.034
2145.877
2195.466
2183.063
2135.631
2180.599
2136.318
2179.071
2124.515
2402.639
2312.404
2269.767
4796.102
2774.308
4783.634
2672.379
2404.772
2648.963
2195.995
2234.100
2333.685
2424.600
2737.918
4714.108
2979.253
2237.281
4504.597
2247.910
2460.875
4965.730
2575.375
2736.470
2190.149
5127.551
5128.173
5095.908
5131.634
5156.864
2814.308
2646.892
2571.200
4983.576
2583.147
2722.846
2225.054
5012.542
5116.829
5096.762
5092.593
5099.715
5093.330
5087.301
5116.043
2427.215
2686.374
2454.328
2786.941
3911.972
5123.405
3138.984
2779.507
2673.958
2605.681
2656.555
2306.813
2830.703
4968.403
5204.990
5083.478
33738.133
2830.093
3105.591
2803.801
2747.699
2746.369
2846.411
2894.223
3566.425
8246.616
5057.309
35364.550
9748.911
9032.571
4876.852
5867.442
5785.499
5800.757
5846.274
4841.732
46641.245
5014.104
11792.489
2883.785
Elapsed: 0.400383577
Message Size: 4194304
