25772.050
27244.642
24993.204
29949.907
26791.893
31811.226
29034.838
28964.031
29525.239
29064.614
22636.253
29230.043
25215.123
25129.955
24831.273
24727.423
25050.495
24986.915
25330.596
25375.839
26065.912
26311.930
25597.900
24879.716
25587.544
27305.298
28383.613
28824.709
26337.899
26803.248
27481.414
26725.966
30605.718
26129.659
25015.943
26791.740
28594.986
25998.060
25823.433
28295.755
27986.038
30680.865
27951.546
30018.426
27931.545
29763.993
29641.345
29735.032
27108.390
24355.046
30322.969
27831.685
26050.460
26850.417
27044.103
28054.278
26764.859
27340.502
26280.649
26485.637
28247.546
25842.082
26954.789
26286.274
25942.776
27997.404
27397.692
26598.334
26823.886
24687.011
29768.266
27374.305
28131.772
27580.917
26286.181
28053.422
26019.290
25757.406
27741.488
26618.455
25973.205
27796.816
29016.845
26382.931
24707.932
28723.385
26401.799
26001.699
24452.977
24213.023
23870.535
25724.750
24595.935
26152.115
27351.223
26866.760
27286.537
26970.237
24109.658
23934.569
24066.940
24542.004
25852.889
27737.945
28665.580
27265.061
26809.178
28175.268
27281.500
25396.615
25747.381
26232.328
26361.436
26866.380
27685.098
27653.169
25838.748
28039.571
27294.800
27600.076
26937.898
27706.709
26876.986
27870.283
26457.738
29413.890
21652.777
26835.397
25047.399
25788.371
24908.099
24839.841
24577.755
24910.588
25231.171
26984.923
23015.734
28226.323
27407.277
33599.924
28200.988
27781.248
28957.352
29506.434
31006.780
31553.667
30144.844
32136.433
28768.986
27155.813
26547.249
26616.633
24998.821
24631.731
28911.322
30849.077
27133.707
28984.468
26119.065
26596.915
27327.735
27370.930
27479.805
27021.471
28287.567
25099.646
25306.322
24360.951
26664.358
24645.362
24894.372
24314.772
25509.451
28400.771
29086.538
26784.088
27747.218
27280.681
28559.376
27768.895
27084.358
31078.760
27861.338
25175.784
26469.424
28295.986
28209.243
27299.672
25805.455
25882.669
26305.061
26197.575
27713.239
25551.252
28809.614
28852.776
27606.014
27438.570
29194.459
27414.519
25994.904
25874.160
25786.940
25823.373
26823.461
26596.680
27687.170
28582.301
27732.532
29036.593
29540.464
32332.990
26630.886
25764.745
24953.812
24239.950
26208.695
25683.548
25446.538
26232.388
26865.650
26494.369
26992.898
25839.444
25852.058
26870.813
27890.511
27806.088
26143.510
23935.329
24338.882
24363.797
25024.351
24242.748
24523.120
24532.698
24540.365
24366.722
25012.985
28398.152
25822.192
27402.967
24919.204
26464.354
25269.315
27934.223
26416.209
28872.550
26756.682
26918.989
29669.456
29085.606
28864.481
28707.385
32450.005
28439.723
27574.882
29185.362
28998.327
30001.476
40389.355
31088.259
25293.455
24392.098
23635.566
23949.225
24733.711
25206.666
24686.530
24259.590
24717.059
25444.798
25250.845
26488.401
27582.072
26359.420
28391.171
31671.550
30059.207
28722.338
27980.838
30377.649
28859.042
29440.638
30214.611
28307.226
30138.306
29671.755
30221.235
26070.818
27992.256
27355.570
27653.392
27674.213
27959.839
29064.998
27184.870
25709.376
25221.691
25414.303
28137.635
27914.118
25085.833
25369.946
25528.200
25650.937
26521.206
29163.647
27345.967
26366.942
26458.558
25283.720
25197.446
24731.610
25409.188
26084.341
26571.359
28704.174
26482.061
25704.879
25657.896
25787.368
25782.246
26077.390
25897.045
25762.722
25763.962
25429.942
25533.482
28478.310
25436.796
25184.568
24748.459
25759.291
27008.601
26836.157
26709.594
25767.613
25984.637
25772.255
25941.905
26122.969
25626.268
25792.804
25662.620
25928.177
27161.848
26027.072
25982.648
26280.634
25834.996
25648.359
25585.752
25533.952
26917.540
25601.838
25535.710
25855.120
26243.508
26653.796
26024.096
26361.655
26488.706
25570.996
25961.883
27919.587
24753.168
28580.818
27271.349
27146.515
26773.889
29299.900
26050.165
29835.522
27129.926
28893.251
27630.031
29995.412
28035.920
27086.072
29754.657
26464.991
25243.472
26152.302
25522.947
25518.823
26129.760
26194.260
31444.680
27634.155
26643.731
36679.473
29354.762
30303.881
30861.240
33017.535
28411.135
25188.379
25140.461
26112.817
25361.191
26032.548
25927.160
26357.535
27278.755
29919.349
27050.853
27578.585
28849.326
27206.287
28151.099
26015.889
26336.342
27840.298
26997.600
27909.219
27224.761
27517.349
26025.318
26426.215
25177.885
26145.056
26530.955
26203.528
27909.461
28853.927
27801.260
26444.368
27036.097
28618.600
25752.980
26092.276
26443.392
27472.235
28144.591
24587.460
26508.588
25803.160
27634.729
25500.882
25520.284
25644.314
25779.046
24934.620
27428.016
28444.313
25858.022
26231.453
25935.333
27528.230
27634.207
29224.850
27840.443
26103.768
27576.268
28127.637
26273.333
27452.860
26784.793
26231.296
24646.245
26179.019
28332.580
29584.557
29141.899
25671.702
28836.180
26207.373
28264.508
26985.977
26209.343
25392.316
28880.130
27128.968
27488.746
25810.260
25902.636
26030.801
28104.696
28063.886
26682.094
27951.997
29499.564
28797.019
29172.827
28091.390
28691.418
28638.512
26453.633
26506.115
26634.794
24824.947
25169.622
24905.071
27526.267
26308.883
26192.289
25290.754
28826.516
11967.968
36931.857
32133.639
28788.742
26853.185
33858.590
28494.019
28186.724
30591.924
26863.080
29584.661
29333.681
28565.254
25492.113
24881.128
24780.501
25915.302
25858.134
25815.759
25597.259
25413.435
28375.868
27868.643
32202.411
31332.050
26371.017
25797.479
27321.883
30480.426
26811.454
25039.054
24637.830
27231.246
28316.587
26327.297
26980.031
26560.843
25256.567
25092.404
25112.558
28397.840
27065.642
27044.579
24892.788
26440.170
26212.584
28548.274
27289.405
30183.181
29200.129
27919.054
28838.549
25113.456
27972.691
27427.599
27424.585
29998.221
27427.655
29350.981
24992.116
27768.545
29966.749
28222.337
28348.442
27142.495
26792.902
24556.741
25590.964
27914.416
26834.611
25224.783
25114.059
25786.221
24790.596
25885.690
25369.063
25426.555
26866.507
25751.460
25222.544
25341.839
25903.571
28243.195
26967.861
25823.422
25787.726
24631.687
27154.870
26452.765
25740.515
27321.383
28807.588
24899.982
25292.549
25410.578
25684.543
26878.413
24900.485
25213.934
25699.526
29053.193
25066.447
25873.072
25555.260
25201.395
26847.493
28518.628
29340.185
26567.925
30817.959
28642.777
27244.274
28736.938
28534.364
27380.008
24813.034
28168.146
26634.872
28125.789
27708.177
25678.180
26831.049
27021.773
27724.486
26623.331
24891.362
32369.293
34407.787
28539.605
29710.714
28553.888
30571.237
30136.831
26882.190
24849.635
25876.638
26986.897
26981.678
26211.977
27529.966
31469.207
28288.338
25329.646
24631.988
24905.302
25815.919
22936.694
25040.742
25127.627
29786.400
27676.571
27023.509
30821.193
28142.914
28286.122
24377.055
24795.409
26225.783
25322.959
25633.488
25621.258
25079.060
25019.739
25485.411
29852.733
26197.135
25765.613
26043.564
26298.303
26139.017
26017.632
26209.734
28033.108
27572.807
27194.031
27945.418
28619.047
27418.479
28404.243
25165.368
27303.759
29341.649
27964.674
26918.650
25599.282
25757.059
27517.326
30034.542
26621.513
28785.378
29029.191
28373.934
26882.794
35017.617
24634.954
27875.081
28031.744
27568.795
27926.527
26851.129
27262.174
26967.581
28694.704
27503.718
28154.273
28274.901
27144.257
25326.218
24855.077
24623.457
27734.444
27680.438
27298.916
28333.854
26876.092
29454.380
30669.257
29237.773
28252.330
26551.288
31077.866
27049.717
26598.100
26876.852
26042.081
30564.468
27742.509
28780.628
26399.862
25621.124
26318.356
25094.502
25152.333
25216.885
25852.859
24517.074
29050.536
25472.522
25538.981
28858.099
26319.399
24767.637
25114.715
25370.173
26022.751
26843.455
24876.866
26266.705
25539.856
24872.068
24393.555
32721.274
28659.768
30558.757
27539.507
26291.735
26828.568
27252.443
28434.169
35135.977
28244.592
28600.972
28304.376
25746.517
32161.899
29591.765
32790.210
28133.154
30327.391
31054.601
26958.223
27971.324
31961.173
26946.083
27894.229
27859.710
29230.397
26505.757
24963.181
26309.948
25731.981
26498.031
26513.722
26237.193
25996.130
26253.652
26064.601
27241.271
25538.545
25969.140
25609.411
24822.727
24835.274
29550.157
32009.620
28338.861
28125.439
26306.782
28455.898
25520.120
26407.082
25838.017
26058.793
26532.099
25256.328
26085.902
25405.813
25659.766
25982.957
26594.702
25788.188
26454.132
25646.564
25534.954
25625.031
25659.695
25674.380
25710.702
26638.165
28568.164
24568.290
25424.022
29703.312
27541.462
27422.380
26901.577
27555.380
26094.902
26602.987
25220.547
27503.151
27018.543
27412.087
28838.079
25076.356
27071.081
26446.451
25177.706
29522.378
26697.733
27687.553
28744.381
26676.469
26227.154
25833.264
25745.194
28444.730
28717.913
27964.897
28733.086
26614.103
26359.256
25539.529
26835.933
30601.893
25216.158
27120.046
26489.522
28361.041
27532.887
28048.560
26565.429
26167.344
26468.370
25866.833
26262.876
25957.078
28871.126
25649.182
25562.916
26119.541
25827.084
25948.428
26284.918
25571.536
26183.665
41319.061
26769.102
25194.809
25741.018
25524.508
26212.148
25109.217
24590.783
22142.675
25122.363
24539.430
24036.989
27416.144
29325.899
26091.829
27795.039
31778.060
28109.353
27048.387
27230.572
25747.858
29461.496
29782.295
23476.943
23918.439
29720.731
25500.856
23403.864
24201.233
27237.613
27044.658
30343.048
28052.647
29603.202
26817.415
25685.873
27651.217
27356.867
24539.970
31120.293
26875.056
28138.474
30491.792
26326.440
27014.431
25540.516
24292.059
24172.969
24771.310
24828.978
25862.500
25657.699
24466.928
26247.963
23932.088
26239.179
29174.972
27012.754
28331.686
28010.264
26824.992
26684.556
25924.236
29384.527
27806.796
27729.765
26456.311
26518.881
25189.847
26455.231
28818.291
26457.794
25780.555
28309.509
27570.546
25602.099
27401.529
28019.551
27811.997
27708.504
26001.189
26224.770
28585.192
26630.875
27150.847
28131.060
27797.479
26701.245
27230.304
29449.683
30172.739
26455.279
28680.675
29957.883
27334.899
27974.695
28476.216
29142.220
29879.410
30428.398
29929.262
28346.475
28144.348
26199.743
26215.576
31232.882
26738.022
26318.826
26446.827
28343.741
25288.399
26693.251
25862.105
27583.055
26472.867
27313.903
27235.962
28515.648
27545.661
26534.755
28483.033
25258.925
29933.970
23935.735
23301.493
Elapsed: 3.429062430
Message Size: 4194304
