2646.118
4222.295
6342.870
8521.596
10635.914
12801.794
14934.223
17123.942
2367.430
3934.641
6067.397
8160.554
10310.833
12406.731
14588.748
16687.284
2188.755
3786.879
5945.889
8051.365
10215.881
12381.607
14488.720
16628.670
2121.766
3747.252
5845.739
7982.316
10111.857
12241.982
14332.397
16481.217
2117.288
3771.512
5857.752
7991.355
10119.582
12258.261
14382.755
16500.210
2161.046
3794.508
5915.138
8036.674
10175.898
12310.781
14451.618
16573.845
2139.336
3754.389
Elapsed: 0.108077047
Message Size: 4194304
