24012.589
12055.548
70025.035
63919.189
6488.007
5462.454
67932.796
5387.682
78874.993
85062.840
71966.838
5440.715
75931.159
5237.651
7865.955
7083.668
7995.905
55810.696
21114.203
11998.787
12016.106
53456.225
11998.807
12049.053
46707.316
8915.406
54516.446
11987.858
53154.665
12001.379
56839.106
7998.713
8063.695
5031.903
55959.243
16033.565
15719.734
12003.125
11973.000
12061.786
11999.490
14931.287
12037.096
15939.221
12232.833
16142.426
11982.797
11983.874
12008.851
11201.450
12006.518
11744.346
12053.749
11984.857
16576.984
15990.341
15965.529
12002.321
12026.647
11984.794
10644.164
12042.083
16773.044
11990.752
11986.603
11714.487
11999.470
11999.019
12043.701
10102.513
12032.999
12548.547
11988.988
11987.659
12030.099
11984.226
11986.697
16408.963
16301.681
11987.771
15435.649
11951.307
11998.565
11845.700
12041.364
11987.874
15999.165
11966.775
15979.139
21543.714
11987.582
12047.280
12786.142
11980.161
12007.235
12046.275
11993.099
15994.671
12024.510
15994.711
11990.755
16259.719
15972.403
11986.085
11982.607
16027.108
15957.096
15991.152
16046.994
16003.630
11989.919
12001.675
12014.179
12056.573
15994.365
15994.238
12157.901
11964.220
11997.450
11979.466
15971.578
12005.119
12184.915
11992.547
16039.055
11992.387
16008.777
12029.069
11601.312
11988.101
11498.947
11992.095
12043.702
15974.362
15972.250
15949.871
12586.442
12252.440
11996.251
11971.889
12002.748
12047.288
11976.276
15985.818
8011.080
11798.386
12142.120
12070.404
11979.564
11994.376
12041.413
11992.157
11881.546
15980.775
16009.502
11992.125
15973.720
11994.093
11961.027
12156.368
11994.297
15926.540
11997.683
15986.143
11610.530
15966.820
12013.753
11577.925
12050.671
12040.465
11528.667
11989.524
15977.830
15988.087
11463.746
11981.011
15988.718
11988.426
11664.234
11995.860
11699.877
15990.385
11990.737
15994.226
11976.370
15992.465
11794.427
11605.582
11993.993
11984.217
11985.513
15985.833
11554.668
11366.576
15993.198
15969.319
11999.067
11989.230
11983.727
11699.553
11661.736
11994.631
12008.243
12054.514
16015.940
11987.849
11993.243
11853.475
11872.979
11974.560
11990.535
15974.507
15974.238
15979.217
11980.665
11149.632
13228.795
11996.561
11979.902
15978.241
15992.703
11368.097
11359.577
11996.389
11984.861
16061.358
11995.540
11574.107
11436.644
15983.748
12005.373
12047.650
15995.190
11992.190
16001.118
10052.450
11995.293
11986.704
11990.436
15984.097
11977.510
15981.297
10892.178
11298.547
15988.678
11977.549
12033.067
11991.557
11041.107
11034.571
16014.231
16014.095
11991.965
15980.341
11996.203
11998.173
10420.072
5306.371
17014.213
15973.339
11990.125
15973.736
11993.164
11996.266
15996.932
11475.014
12488.104
11985.615
11979.340
11988.996
15992.447
6912.616
15992.641
15961.521
5455.590
12004.028
16452.903
11983.706
11981.872
11989.005
12047.381
12004.423
11976.507
15756.102
11966.958
12007.128
12003.197
15997.185
15965.696
11995.666
11967.417
12002.811
12000.508
16051.813
12001.168
11984.062
15970.903
12347.640
11992.706
11982.167
11964.869
12300.455
15995.026
11985.905
12064.561
11993.174
11995.357
16021.429
12050.912
16028.511
11993.442
11022.434
15953.641
11985.656
11984.481
14223.820
15976.033
12017.127
11987.356
11789.599
11993.395
11918.146
11990.141
16030.883
11959.754
11985.727
15986.663
9276.279
12361.009
11985.497
12040.791
11989.460
11994.815
11992.516
11606.807
11473.225
11996.797
16002.131
11975.095
11984.642
11982.700
12394.513
12857.930
11991.627
16078.132
15977.277
12008.823
12038.985
11359.738
11331.060
11999.892
11992.290
11961.677
15956.689
11985.514
15977.422
11645.519
11726.601
12002.390
12054.630
11975.476
12039.990
12100.246
12081.994
11993.990
16011.615
15972.764
12006.379
16031.706
11919.730
11886.848
11986.975
12040.207
11978.480
15985.157
12399.115
11936.583
11872.121
11915.621
11991.790
11991.512
16046.913
12028.156
15975.514
11771.727
11855.133
11574.454
11992.461
11980.824
11994.065
11958.260
11879.700
11998.843
16045.007
16012.754
11988.451
16058.809
11990.065
11992.983
11998.227
11982.710
11988.679
15984.876
15980.445
15960.116
11991.951
11787.006
11937.846
11995.302
11982.692
11997.261
15984.663
12425.078
11939.855
11893.904
12039.539
11985.731
15975.986
11873.415
11775.608
15994.638
16004.647
15569.414
16059.733
12006.702
11990.237
12681.759
12689.460
15974.352
15968.268
12035.666
11996.516
12043.426
15992.745
11427.836
11350.323
15976.539
15978.885
11617.996
11697.364
11979.499
15960.023
12030.530
8026.983
11987.378
11802.033
11812.884
12042.382
12009.712
16026.323
11982.504
12031.178
11812.460
11806.101
16022.709
11982.063
11968.890
15981.215
15984.762
11610.916
11652.398
7973.241
11994.903
15988.882
16029.097
11566.963
12040.609
15993.394
11505.857
11984.769
11981.313
12042.070
11997.968
11992.045
12951.044
12499.021
11984.398
15986.609
12038.059
11145.845
11987.625
11986.455
11291.865
11992.373
11982.939
11979.572
15989.723
11192.031
11485.931
12000.790
11996.637
16042.254
16025.941
11992.061
11138.020
11133.509
12000.247
16004.130
11984.537
12014.779
11991.404
9971.524
11994.724
7983.521
11976.763
15982.055
8005.102
17632.850
15994.000
11981.198
11996.571
12043.876
11202.998
11977.974
11453.870
11992.516
15984.270
11989.900
16063.963
11758.487
11986.983
11993.956
11859.556
11993.115
8231.586
11966.387
15992.378
12090.020
11990.118
12042.280
12046.254
11761.922
12000.596
11988.101
11952.286
11995.371
11995.968
16012.251
11985.630
11965.790
11990.836
10994.853
11982.975
11996.164
16083.882
14175.172
15975.520
12019.556
11986.291
11813.162
11985.761
12430.370
11675.089
15956.013
11957.858
15979.333
11554.976
11994.707
11651.958
15989.032
15538.111
15977.218
11534.699
12038.227
11985.453
15993.097
11598.399
12048.542
12004.520
11453.678
11596.011
15980.276
11996.114
15990.059
16056.243
12035.771
11391.103
11324.954
15979.452
12000.554
11974.805
15973.176
8844.655
12219.092
19989.544
11982.193
15950.839
16055.694
11862.062
12014.744
11887.185
11993.269
16022.812
16021.576
11825.510
16022.066
11968.694
15963.765
12026.503
11977.031
11988.609
15966.539
10703.993
12002.228
11999.716
12003.459
11988.006
18412.401
7441.722
11991.816
8017.965
11990.808
16004.254
11988.073
11986.621
11374.114
11375.089
11997.808
11992.878
12007.743
11993.822
15979.049
11593.561
11591.097
16049.317
15982.604
15974.047
15958.987
12125.708
12147.551
11996.274
16006.113
15972.598
11993.064
11975.185
15958.363
12236.313
12315.445
12050.066
11988.481
15981.805
11999.089
12053.059
12098.502
12043.956
12011.528
11982.143
11983.631
11983.459
15985.936
12058.983
12064.836
15986.857
11995.917
16030.455
11990.858
11986.212
11982.436
11946.627
11989.192
16020.537
11998.365
11975.793
12046.900
12040.827
12082.572
12011.296
11969.062
12049.688
15976.840
12007.977
11992.957
11994.983
15992.659
12010.240
16058.926
15984.445
15994.009
12148.430
11736.296
12046.243
15964.451
7122.446
12043.462
15962.164
5857.425
15982.125
15994.604
16026.421
17771.813
11988.985
11990.898
12039.741
11975.812
15124.915
10332.603
11987.421
15986.314
11995.241
12045.163
11985.023
11584.031
11617.404
12002.905
11988.554
11981.179
15982.045
11996.125
11798.792
16023.138
11993.540
5660.642
11990.070
16062.001
19500.661
11985.845
15999.334
11982.916
8930.019
12541.733
15993.378
11997.760
11991.480
15987.006
11986.362
15987.044
11966.483
12008.016
11985.093
15994.954
11991.301
11984.411
15984.724
11885.562
11888.523
12011.023
16016.352
12037.905
12043.632
12040.769
11963.123
11969.565
15973.104
15972.182
11995.804
11899.232
11902.261
15991.942
12002.939
16040.866
16018.138
12044.447
15984.076
10942.187
11987.295
12019.098
14066.227
11981.045
11985.855
11369.406
11987.948
16000.004
11468.256
15987.931
15955.296
11990.901
12016.630
11762.050
11978.576
11879.490
12008.183
15990.817
12049.709
15988.706
11443.938
11598.130
15967.124
12010.918
5291.745
10342.139
15967.481
15983.926
11995.719
11985.862
11983.072
16074.456
13474.827
11654.007
15991.256
15994.601
11988.716
15974.171
12445.560
12031.554
12652.531
11998.073
15978.693
15986.759
11946.579
12031.889
11994.459
15996.580
12089.012
12069.827
12080.476
15982.923
12040.371
15989.983
12042.717
15936.657
15989.539
6346.720
15947.074
11999.998
9575.801
15879.235
11993.232
16017.538
16012.773
12022.198
15993.679
11981.254
11474.343
11586.168
15977.805
15977.871
15988.748
12045.840
12002.985
11005.000
11019.610
15948.630
11984.272
11982.766
15989.520
11401.994
11286.062
11985.486
16039.340
11983.657
16062.812
11996.060
10813.256
12041.817
15995.871
5426.128
18854.034
11994.991
15999.811
11991.187
15985.718
11990.001
9925.127
12253.435
11992.408
16005.579
15987.401
11989.109
11980.477
11719.068
11729.181
15966.610
11986.879
11984.770
11986.927
15980.540
11992.110
11865.030
11816.662
12038.118
11995.012
11982.263
11980.730
11982.040
15993.424
11701.330
11741.618
11980.521
11997.214
11994.373
12005.169
11900.234
12219.570
12039.256
11996.792
16003.494
11984.019
12037.395
11913.702
11984.088
15972.899
11990.753
18095.144
15982.287
16056.473
12015.322
12004.007
15984.916
11979.831
11984.245
15965.819
11969.839
5991.862
12008.483
11993.951
11975.120
11999.049
10960.480
16034.453
15952.995
11986.177
11017.682
11999.115
12009.512
11987.993
5893.257
6830.588
12007.258
12015.443
6933.737
12028.957
11988.579
11968.998
14058.885
11971.347
6568.567
7188.564
11983.003
11994.732
12003.015
11985.960
12043.692
12023.508
11986.314
11993.493
11995.927
12034.781
11962.063
11988.818
12008.404
12029.894
11994.102
11983.654
11964.013
11993.681
11991.777
11993.249
12034.394
11987.812
11991.665
7599.846
11983.358
11999.274
8369.871
11986.236
11985.067
11989.340
11994.369
11992.677
12014.477
12042.666
11998.942
11972.991
11979.433
11983.096
6813.343
7733.993
5652.635
4327.220
4900.113
10320.940
12239.634
5428.236
6786.877
7706.003
7557.130
7453.497
7517.639
7440.639
7522.753
7441.206
7519.631
7438.427
7519.885
7423.218
7518.707
7433.824
7521.736
7435.277
7513.286
7442.756
7523.334
7459.250
7516.642
7453.727
7444.111
7541.272
7321.517
7228.630
7208.858
Elapsed: 1.889721918
Message Size: 4194304
