16379.373
18291.620
18887.018
41640.478
190764.619
232158.383
371487.354
380972.986
388822.184
398682.562
403273.641
410553.073
413967.143
414526.604
437686.010
451041.681
461276.719
482857.275
499772.194
506278.248
514431.851
520797.348
528189.348
534888.598
539517.721
547109.412
551255.718
553999.933
555703.848
555754.316
561845.780
569720.566
583182.070
587366.175
587462.823
597746.251
599812.970
603496.367
609374.623
611196.695
612416.363
613400.376
619772.373
635157.684
642725.901
646340.436
647812.994
650845.204
658127.170
668578.989
671641.032
672027.778
672847.640
673659.663
676227.635
677308.359
681392.850
683661.870
684888.171
685398.712
688874.174
690018.875
691172.742
691847.769
694929.227
695875.533
698270.835
700443.908
701919.024
704336.974
713454.638
715440.596
716052.806
719499.516
720964.936
747970.611
748164.112
747123.953
748335.284
748485.001
752570.338
754926.293
757238.851
760181.024
762593.325
763478.932
766044.084
767749.370
769195.816
773934.933
775211.843
774428.021
774699.503
779882.450
778814.823
780011.051
780295.449
780817.556
780125.381
785286.258
787276.422
787272.515
789195.685
791923.214
792220.780
794456.702
796230.358
799594.188
802092.546
801446.848
805186.891
806099.155
806340.977
806979.655
809066.818
808687.941
809918.397
811002.389
810204.089
813258.715
814179.167
814453.431
818084.775
818907.375
818481.106
822411.663
823740.526
831671.617
831626.835
832440.927
832623.940
833398.499
833354.337
835597.473
836590.339
838734.950
839958.265
840146.185
845928.428
845735.023
847808.404
848730.792
848148.541
848944.473
851008.498
852860.382
851047.144
852651.879
852872.353
857722.753
859670.741
858520.685
861106.114
861011.201
860657.834
865827.930
869116.101
870086.468
870877.792
871167.343
872740.571
875887.922
878448.394
878671.102
878567.126
878837.963
881496.407
882854.498
886276.104
887938.076
887804.128
890199.675
889434.230
890708.697
894555.735
899392.797
900644.229
902298.461
903404.427
903957.028
901836.594
905309.976
905653.234
910592.095
911455.818
912526.899
912948.380
913993.949
916089.352
918961.004
918515.195
919515.886
920141.913
924480.231
924723.995
924429.902
925013.865
926789.402
927037.348
927536.645
927810.775
928502.415
930042.155
931206.226
933208.512
932409.899
937633.507
938954.012
940926.829
940610.908
937148.393
942399.927
942109.581
944935.579
943327.150
949564.412
948631.652
945237.461
949768.493
950751.918
948190.254
952812.406
954396.099
955031.006
955180.865
954126.017
959723.644
960095.922
960374.313
961996.864
963027.888
958296.752
963965.839
964314.595
965765.172
961246.817
965877.439
962673.235
965309.468
970865.419
971743.048
967950.919
968718.377
975326.659
975890.996
977662.695
978433.540
978696.684
975309.352
980239.139
984440.304
984682.048
986561.762
987132.492
988774.730
983726.575
988071.175
988849.451
986206.689
990349.872
986261.957
988685.230
995497.307
991691.759
996449.018
996832.380
992803.588
997248.004
997460.366
999602.526
1001237.563
1008533.865
1006121.440
1010469.878
1010736.674
1012365.184
1012560.437
1013452.998
1014552.279
1012570.788
1014227.857
1022181.176
1022421.493
1024820.436
1025418.017
1026574.876
1018816.427
1026930.492
1023360.815
1030515.926
1023261.799
1033280.404
1031945.729
1026047.631
1026885.906
1035209.512
1037367.297
1032694.376
1040868.045
1042462.474
1034975.339
1036637.040
1046922.833
1047348.091
1039923.416
1041526.249
1050563.604
1045022.063
1046373.521
1054920.295
1057705.007
1057744.098
1061285.068
1060688.765
1061985.909
1064027.257
1056351.186
1065735.492
1068068.252
1059126.318
1070090.805
1073966.257
1075831.017
1074925.424
1076383.275
1078305.705
1077281.831
1077459.484
1077989.080
1078259.009
1080523.585
1073279.547
1082494.532
1073503.880
1074840.504
1086585.614
1090166.201
1089430.765
1091187.477
1091919.945
1092672.063
1093275.997
1093682.684
1094468.117
1097266.535
1096764.306
1099057.233
1100473.787
1089439.886
1101232.559
1091197.514
1102984.090
1104152.110
1108853.736
1109042.127
1109328.271
1098833.075
1111684.737
1111744.767
1114150.540
1113369.827
1101271.548
1116311.853
1104448.634
1117622.209
1118156.129
1119854.842
1118909.762
1120248.264
1122059.044
1123859.912
1125492.736
1127563.091
1130240.644
1119080.745
1131245.407
1131620.272
1133235.402
1132304.010
1132808.273
1132875.811
1136579.384
1137128.866
1137435.227
1137971.385
1141873.346
1142390.687
1141149.033
1143389.670
1146502.262
1144836.341
1147364.751
1148534.792
1146916.659
1149612.015
1148302.441
1148655.084
1148892.194
1148992.555
1153371.860
1150420.914
1151569.147
1154732.922
1151827.556
1158563.610
1155643.571
1159341.914
1156379.651
1156398.523
1157723.061
1162149.421
1162355.710
1162562.913
1162744.125
1163687.228
1164600.757
1166357.599
1169816.048
1170703.176
1167788.622
1167446.948
1170356.007
1173243.189
1177939.626
1178404.166
1179062.611
1179562.781
1178178.329
1186767.962
1186888.792
1182585.524
1182844.970
1185541.773
1185834.588
1186765.078
1192894.846
1188161.239
1188325.205
1196255.969
1192394.048
1197951.747
1196252.242
1201294.206
1200368.606
1205834.511
1200820.586
1201099.380
1206543.459
1205810.593
1208224.753
1207227.510
1203879.619
1209801.806
1212304.504
1210334.316
1215167.007
1215667.253
1217177.678
1217175.958
1214150.352
1218901.973
1215432.249
1217290.985
1217922.450
1222839.263
1223653.042
1223677.457
1219514.065
1223663.540
1226167.285
1230649.374
1231883.941
1227823.024
1231961.984
1227838.966
1228984.087
1230598.009
1230748.306
1234946.038
1236355.091
1232766.645
1237270.634
1233241.762
1243440.930
1243874.030
1239867.195
1245325.223
1241682.319
1243143.828
1243472.191
1244421.195
1245264.142
1246206.288
1246512.156
1246624.341
1250370.112
1250358.840
1250775.220
1255429.413
1254529.368
1257368.308
1256474.028
1265882.274
1260759.722
1259952.575
1262660.144
1267096.999
1264172.055
1268852.252
1263869.922
1262958.558
1264081.375
1264290.060
1271101.801
1264633.779
1271182.684
1277507.354
1271222.685
1278497.741
1270648.780
1270920.845
1280524.001
1272757.180
1273494.749
1275429.056
1283616.247
1275821.522
1277471.823
1277739.848
1276923.192
1286412.364
1277262.356
1278797.690
1279459.954
1279659.572
1280660.971
1281656.261
1283722.750
1289858.018
1288563.671
1289072.189
1297265.210
1297894.910
1298917.204
1293204.628
1293521.413
1301744.086
1301909.617
1302582.641
1295090.774
1304881.383
1297772.964
1306180.461
1302130.522
1303217.201
1302266.215
1312551.911
1312581.812
1304457.834
1312624.030
1306001.609
1319773.050
1321360.068
1320115.224
1312690.147
1312925.007
1321877.077
1324620.171
1323888.989
1325750.644
1327300.786
1315413.307
1316138.681
1328248.056
1316834.636
1328050.442
1328811.798
1329710.298
1319277.711
1331285.395
1319250.232
1334113.668
1332695.288
1320693.984
1336669.206
1335385.665
1323353.162
1338310.169
1325951.713
1339120.828
1340617.229
1345547.129
1343689.776
1345647.284
1343560.792
1345165.786
1345487.086
1345769.836
1347183.404
1349623.720
1349497.303
1349485.700
1355789.697
1356261.339
1356199.284
1357038.387
1360007.774
1357119.134
1357891.811
1361170.930
1363737.772
1364892.044
1361416.918
1362157.708
1362380.041
1364278.924
1364895.744
1363989.834
1363997.849
1373395.354
1369626.658
1369886.301
1370755.835
1376033.690
1375931.278
1376389.995
1382002.229
1377766.155
1378019.514
1383623.260
1381123.898
1386183.027
1382319.379
1382513.037
1387237.212
1387424.220
1388575.964
1384919.581
1385188.147
1391147.719
1387637.345
1388023.620
1392124.375
1389671.911
1395591.760
1397004.117
1394428.950
1398722.530
1399674.678
1400363.929
1396369.201
1402064.209
1398169.086
1400749.828
1401634.018
1406050.711
1402509.245
1407415.696
1403196.790
1411741.971
1410235.183
1410495.316
1410756.135
1411161.556
1411711.176
1412009.758
1412675.653
1414435.514
1414531.544
1415087.537
1416541.792
1419637.433
1417963.168
1421611.160
1425293.352
1425302.554
1425536.132
1424091.951
1426309.972
1425401.193
1425058.543
1433302.155
1427450.734
1431681.903
1439602.243
1431974.790
1441133.910
1432424.337
1435140.385
1435585.149
1435883.388
1436346.231
1436519.867
1437126.470
1440665.062
1449637.107
1441984.134
1442122.807
1443044.391
1443359.021
1443754.601
1446315.393
1446497.857
1456899.977
1448331.883
1461731.363
1461936.592
1454300.193
1454612.652
1455291.848
1456102.734
1456091.402
1463999.880
1466199.668
1458483.235
1466885.245
1459614.245
1459606.384
1464167.222
1464766.222
1462454.756
1463265.636
1467613.562
1468079.858
1466975.642
1467163.893
1481042.512
1481188.499
1469103.204
1481510.890
1481973.425
1483524.246
1471670.700
1483652.967
1474856.916
1489539.929
1490175.635
1478655.877
1491325.617
1481350.366
1493117.439
1496097.554
1485785.070
1494234.343
1498076.430
1498018.354
1498041.134
1499610.041
1500175.210
1503209.114
1508577.004
1506693.655
1509084.514
1509089.413
1503222.223
1513676.247
1512289.869
1510418.929
1514344.410
1518905.330
1518464.897
1515900.617
1514940.463
1519682.474
1523790.137
1523928.134
1524220.365
1526207.693
1529752.008
1529990.025
1526409.223
1529873.914
1528962.530
1527438.886
1527894.390
1529367.215
1530981.614
1531086.379
1531240.273
1532132.444
1543365.455
1539398.104
1542684.333
1541653.437
1544584.484
1542001.805
1550557.907
1550622.453
1549069.999
1545459.519
1550656.665
1556896.507
1553571.096
1553876.900
1550092.282
1559049.557
1552818.843
1552292.864
1556203.370
1554828.488
1554828.799
1560424.117
1559469.100
1561142.764
1569268.193
1569606.127
1566236.983
1568607.669
1574297.805
1569757.482
1563324.807
1574644.294
1564302.370
1576254.220
1576415.084
1572971.370
1573189.680
1578186.839
1586601.739
1579063.223
1586603.928
1586062.081
1580528.849
1590662.021
1591508.152
1588722.035
1597982.846
1589466.281
1597906.419
1589883.788
1595416.514
1597772.863
1601594.766
1606186.038
1602324.805
1603791.469
1605161.371
1600616.677
1610752.132
1611238.311
1602648.878
1611751.982
1617417.467
1612967.135
1613831.138
1606336.008
1621526.197
1618685.541
1623374.185
1622955.613
1617841.175
1624018.459
1619668.196
1624925.636
1627054.865
1630466.814
1631242.585
1621131.012
1622990.892
1624694.147
1627363.429
1628196.238
1636655.297
1633003.758
1637240.529
1629976.742
1636338.172
1633228.073
1637405.036
1644224.525
1636089.511
1631398.074
1640400.753
1644501.789
1647472.337
1646922.134
1642871.310
1648136.304
1651544.473
1648952.148
1649146.249
1652055.288
1646611.642
1653495.342
1652529.762
1654342.744
1650393.636
1656268.407
1654125.527
1654418.841
1662938.260
1662927.023
1655468.558
1655535.713
1659946.357
1664448.745
1661644.379
1667464.518
1672582.392
1666458.663
1670990.183
1666825.198
1675320.439
1677437.144
1665381.268
1676301.813
1671973.376
1678846.779
1670434.462
1665620.166
1668622.819
1674792.522
1676601.590
1683643.039
1679610.407
1682185.964
1681804.599
1681789.821
1679631.847
1681147.883
1679630.411
1680602.559
1684361.655
1679521.920
1680146.754
1686938.550
1679635.338
1679457.619
1690540.682
1689594.320
1692627.875
1683417.778
1681870.600
1692910.504
1685168.670
1685569.916
1693262.987
1693954.557
1691528.702
1693692.499
1688310.645
1696035.171
1685843.794
1692454.984
1692616.304
1692668.149
1694459.856
1695584.976
1686153.667
1694268.209
1702164.395
1699343.898
1699092.149
1703669.145
1703821.152
1699516.276
1701200.905
1701027.664
1701225.430
1701532.677
1702495.515
1706743.730
1704234.327
1707674.467
1702574.500
1700904.716
1708716.161
1703932.649
1712268.905
1709133.263
1709529.595
1709586.819
1706271.570
1715954.298
1718224.641
1705608.025
1711537.884
1714725.140
1714851.090
1707388.263
1719178.660
1711705.760
1721598.927
1714967.188
1720616.473
1717874.421
1722234.179
1715397.996
1724208.344
1715510.814
1720550.517
1737208.388
1733179.822
1740880.636
1737538.326
1739686.796
1733135.215
1737399.370
1771697.084
1774931.410
Elapsed: 1.778385007
Message Size: 1048576
