11873.812
11722.050
11706.070
11542.923
11629.215
12247.279
13274.037
12060.211
7591.904
7444.255
8043.072
8405.026
8105.848
8330.702
7895.974
8688.571
8007.174
8819.916
8032.446
7855.382
8602.065
8417.110
6954.909
6528.908
7038.681
6464.792
5934.767
6487.080
14548.940
13797.045
7210.656
6933.062
6633.230
6929.037
6758.235
7244.044
8219.041
8110.371
7933.608
7953.099
7570.881
7793.731
8094.611
7713.213
6995.454
8188.675
8083.631
8664.734
8686.588
9088.402
8599.253
8383.693
8696.418
8375.039
7898.661
7126.600
7723.794
7477.615
7693.926
7537.149
7408.347
7050.829
7760.638
8703.331
7868.696
7763.524
7258.311
7396.021
7979.383
7459.513
6818.847
8275.645
9570.734
10338.967
10430.927
10535.425
10349.884
10222.425
10541.676
8265.820
6410.700
7005.037
7778.888
7757.220
7969.306
14121.905
6615.030
6355.760
11249.153
12125.148
6479.588
10795.751
10753.835
10839.053
6945.971
6330.090
11246.664
4996.783
11749.210
6316.118
6075.964
7951.779
7883.957
8600.507
8899.289
8301.108
8278.610
8679.657
6849.633
7535.761
14795.224
6549.184
7486.485
8061.476
8142.027
7901.001
8025.257
8374.375
8996.585
9328.284
8029.987
8102.460
8544.880
8129.009
8553.214
7893.382
8390.753
8238.970
8311.191
8043.665
7619.594
8339.513
7658.407
8423.236
8395.903
7742.759
8413.586
8154.507
8116.551
7401.095
8310.470
7829.808
8161.099
8497.476
8277.038
8726.946
8988.586
9388.758
9108.383
8596.393
8709.386
9524.174
9299.350
9049.949
8811.905
8892.240
9151.034
9071.686
8120.067
7170.194
7148.228
8863.931
8730.036
8847.588
7873.678
8222.650
8051.803
8610.551
7518.474
7335.612
7540.241
8218.860
16802.596
8878.386
7987.873
7454.992
14839.952
6541.251
6644.896
6086.194
6844.641
7244.835
7372.559
12617.615
5902.472
5319.726
5308.875
12101.956
12316.694
12393.971
5988.139
7239.200
7340.099
6762.777
7730.904
12941.503
8815.953
8489.853
10523.178
9549.081
9109.717
9134.969
8415.989
9089.618
9309.486
9793.551
7804.315
7758.140
7858.026
8717.334
8886.718
8519.001
7695.730
7828.247
7160.781
7835.869
8053.838
7516.468
7835.223
8151.775
8007.883
8216.629
8107.669
7943.099
8356.956
15984.567
9145.112
9055.918
8567.136
8813.584
8124.218
8990.619
8317.084
8993.177
7644.806
7389.915
7135.614
7851.257
8015.565
7251.306
7332.470
5854.808
6908.074
7140.720
7464.450
7284.683
8867.858
9376.777
16642.608
10559.513
10151.823
10098.972
9101.681
9403.265
8253.966
8031.994
8142.026
7892.267
7988.924
8915.790
8415.984
8791.980
8499.100
8695.481
9064.883
9122.000
9003.567
8862.517
8916.980
8476.851
8691.529
8404.661
8325.038
8786.562
7754.120
7533.864
8072.708
8271.140
7660.461
7505.255
7022.396
7924.355
8031.990
8878.352
8968.948
9324.460
9689.936
10475.028
10053.782
9325.385
9444.797
8405.355
7547.076
7688.694
7602.851
7133.349
7891.097
8045.131
7947.138
8359.991
9119.558
9130.805
8595.393
8796.409
8483.976
7791.292
7801.591
7770.613
7255.289
7805.567
9111.692
9028.852
8434.363
8931.607
9087.774
8541.170
8156.985
8678.087
8071.798
7771.823
9326.697
8952.154
9520.247
10342.016
10559.225
8479.654
8445.142
9117.226
8014.070
8749.878
8354.697
7735.691
8470.746
8976.405
8621.523
8161.733
8344.915
7901.161
8327.048
9026.742
8809.258
8461.318
9019.049
8741.889
8269.478
7914.704
7509.813
7646.737
7073.994
5927.661
10671.965
8914.052
9269.750
9780.634
9621.292
8654.986
8678.341
6443.233
10639.136
7897.070
8196.992
7494.316
7769.849
8427.001
9796.394
8262.001
7874.190
8050.923
7543.553
8972.827
8776.649
8774.528
6680.026
5782.640
5645.194
12790.034
12842.061
12939.706
13577.469
6672.977
6563.167
12432.813
7263.589
14319.114
9030.729
8907.673
8544.451
8190.898
8156.350
7612.890
7337.801
7769.561
8215.051
8208.764
8262.778
8054.837
8639.494
8675.056
8912.669
7565.431
6942.815
7095.744
7135.601
7202.813
6653.382
6974.802
6522.761
6134.606
10463.417
5136.098
5404.163
11578.102
11798.846
12174.012
12288.893
12109.465
8169.176
7465.294
7128.295
8154.208
7578.540
7617.907
7534.340
8053.599
7980.666
7703.672
8456.524
8090.572
8402.153
7772.761
7817.692
7778.891
7685.890
7836.068
7298.199
6628.101
6034.338
8778.989
8017.428
8479.151
8350.354
9597.541
10729.015
10996.408
11256.537
9299.993
9657.177
9135.659
9805.620
7803.828
6954.917
6577.187
9798.283
7767.288
8056.699
8639.603
8459.121
6414.106
9765.748
16077.521
16478.726
9145.786
8892.752
8162.016
8164.653
7648.196
7286.992
7948.429
7057.714
7602.718
8041.919
8487.671
9595.518
9544.062
9594.866
10011.070
10836.807
9848.075
9175.137
9157.545
8549.152
8326.573
8620.781
7727.964
7625.478
8229.239
7889.203
8403.033
7798.434
8543.907
8344.832
8190.036
7477.182
7477.366
8357.613
7634.207
8024.333
7336.191
7063.233
7857.411
8401.350
7554.710
7107.592
7693.074
8129.747
8602.036
8262.602
7401.973
7358.621
7912.794
8071.356
8577.272
7635.595
7733.672
8984.997
9359.566
9197.563
8962.644
7994.625
15489.396
7362.468
8341.035
7785.665
7118.266
7568.547
7943.211
8101.936
9145.706
8854.413
9372.613
9017.991
9507.882
9128.129
8688.469
9215.495
8728.920
9312.716
8520.313
7958.124
6902.781
5001.343
13796.988
13142.659
12056.029
10893.090
10662.505
3699.767
8208.602
7125.723
11957.360
6239.915
10744.315
9702.744
5757.257
8951.505
16752.370
5123.947
9009.441
13772.658
7222.140
10249.234
8701.445
7288.585
7977.710
8506.431
9158.018
9361.963
6992.879
11269.299
11467.868
8681.000
11971.472
8974.940
8515.917
8309.600
8136.921
7585.926
8018.409
7503.002
7754.657
7448.218
9890.730
9319.500
9326.664
9965.293
9690.135
9799.347
9840.609
9665.882
7939.632
8865.517
8107.739
8120.375
8612.645
8586.152
8422.337
8785.801
8240.578
7581.123
8468.072
7501.676
7858.147
7752.396
7917.503
8258.141
8203.474
7860.180
15757.109
8410.702
8928.822
9061.741
8522.714
8521.148
8441.349
8872.205
8669.448
8600.332
7768.150
8105.864
8590.803
7937.141
8400.439
8023.207
7922.086
8198.135
7699.849
7090.319
7090.132
6831.508
6802.298
14620.467
6877.126
7183.052
8278.363
9082.562
9006.678
8965.594
8924.261
10041.588
8787.636
8255.464
7332.361
6546.608
6540.125
6274.722
7243.450
6984.755
7176.391
6792.497
7806.904
7533.944
11604.304
10903.931
9622.678
9991.437
8068.888
7790.835
12812.273
8653.849
7947.044
11605.537
8467.880
8183.393
7417.582
5868.272
7571.386
7650.251
8347.312
8477.603
8933.396
8624.237
6875.634
19525.440
11311.586
7857.434
7171.152
6920.539
6784.506
6925.612
7368.522
8009.232
8328.182
8062.724
9231.269
9149.310
8883.676
8565.978
7830.862
7946.057
7977.783
8842.566
8289.683
7637.212
7566.565
7503.529
8583.521
8011.482
7619.262
7942.893
7705.512
8098.041
8637.270
8516.729
7702.294
8012.919
7600.818
7066.306
7509.767
8255.008
7682.336
8101.294
8735.314
8443.498
8427.059
9296.404
9020.167
8810.530
9378.749
8644.490
9513.368
9474.374
9960.232
9466.920
9016.191
8900.610
8361.589
8874.479
8545.228
8320.747
8370.494
7773.214
7641.695
7150.813
7245.664
7013.306
7107.851
7052.673
7089.835
7919.093
7957.390
8323.787
8593.294
8387.292
8339.438
8339.735
8416.073
8441.168
8586.090
8309.499
8078.306
7677.839
7327.791
7494.902
7120.949
6973.357
6776.896
7156.654
7644.002
7505.327
7903.121
8401.259
8042.146
8098.800
7989.045
5961.838
8090.368
9977.239
6731.956
8364.679
7921.947
6854.831
8885.819
15259.863
13574.738
10633.032
5095.488
10227.477
10838.218
11399.465
5978.784
6265.832
11427.663
10829.292
8988.918
7419.190
13152.914
7884.943
8032.605
8239.715
8496.390
8599.299
8197.202
8758.512
8921.673
8517.682
8153.277
8820.280
8525.118
8869.625
8481.356
8377.373
8090.868
8540.564
8759.360
8252.701
8704.585
8297.882
8878.442
8387.031
8656.953
8293.587
8222.475
7910.292
7709.585
7606.331
7386.260
8036.776
7785.803
7924.109
8194.466
8329.686
8304.026
8908.275
8542.875
8293.803
7881.757
8502.994
8854.872
8777.232
8546.216
7747.411
7858.948
7825.817
7962.586
7668.983
7103.760
6446.029
7307.114
7297.689
8737.071
8843.137
8860.660
8537.093
8487.528
9237.652
8507.657
8961.395
8332.882
8119.121
8011.173
8074.651
8232.264
7845.047
8225.018
7629.155
6613.740
7221.663
7436.973
6056.261
7285.049
7916.853
7932.236
8339.055
7807.197
7551.136
15166.133
9162.992
7864.996
7278.501
7447.767
7430.711
8056.791
8612.034
8595.820
9361.951
9094.771
9658.074
9799.887
9717.773
9469.166
9202.265
9228.468
8517.715
8723.567
8386.921
8824.891
9076.709
8716.638
9664.084
9237.938
8540.434
8520.975
8654.465
7868.660
8754.560
8893.395
8291.894
8127.416
8698.742
9342.318
8984.601
9597.635
8316.751
8986.313
8569.285
8648.853
8335.391
7701.260
7144.031
8546.200
9282.591
8664.702
8883.173
9089.418
9101.744
9758.299
10763.383
8938.435
8225.221
7817.868
7716.653
7552.803
7625.056
8157.825
7463.984
7716.035
7787.172
7641.409
8062.106
8265.045
8766.701
7656.265
8343.705
7999.998
8197.523
8368.965
7591.177
8216.713
8093.908
8063.824
7414.045
7400.175
6810.995
7085.335
8444.087
7711.156
7418.709
7538.495
7870.047
8465.130
9271.697
9156.053
8320.040
8459.896
8790.045
8613.834
8285.805
7819.967
7787.444
8312.463
8030.562
7944.319
8116.361
9383.587
9644.708
9339.651
9028.085
8408.678
8774.393
8432.475
7793.473
6558.503
7159.257
6862.206
7559.805
7651.136
7588.414
7579.551
7479.030
6380.082
5267.693
5856.005
12174.514
6259.370
7195.323
6897.579
6235.511
5949.852
5168.851
9623.209
5114.506
4419.230
5446.621
5232.060
4018.291
5568.979
2753.695
2733.957
2571.724
1884.945
Elapsed: 1.088903145
Message Size: 1048576
