55356.298
55373.818
55376.563
55380.844
55384.740
55387.612
55391.345
55395.972
55397.894
55399.921
55408.027
55407.871
55412.967
55417.694
54425.661
55437.617
55441.640
55446.483
55450.756
55456.124
55461.723
55466.268
55474.330
55460.576
55465.210
55463.847
55467.281
55473.629
55479.813
55484.701
55489.060
55496.208
55501.539
55509.783
55512.629
58453.564
55541.988
55547.167
55553.049
60382.120
55596.951
55602.502
56732.241
55629.633
55633.985
55639.874
55643.920
55648.819
55655.032
55663.127
55669.207
55672.485
55676.810
55681.448
55687.558
54176.763
55715.732
55716.589
55720.307
55729.333
54119.676
55756.900
55761.665
55767.294
55771.992
55779.438
55785.216
55790.942
55794.589
53180.639
53037.774
55823.665
55827.145
55832.889
55838.440
55840.582
55848.513
55853.166
55859.119
55866.759
55872.921
55879.265
55881.288
55884.756
55891.417
55896.875
59486.602
60665.488
58086.045
55967.521
59718.508
59518.360
57736.740
58471.307
61412.044
58111.478
56092.959
57298.787
59055.399
60422.909
59581.239
59102.818
61509.632
56218.896
61455.004
57447.322
59429.962
61074.875
60185.529
60070.142
56344.930
61084.777
58526.315
61433.055
59995.662
57746.410
60632.519
56463.152
57904.687
58179.028
60371.220
60415.056
60421.120
60605.377
56584.097
59333.000
58776.792
60630.400
60896.255
60930.826
62011.763
60234.159
59837.107
59247.896
59491.929
61886.329
59340.611
59590.712
59480.958
56847.438
59945.520
60080.707
59071.552
60135.044
59194.490
58397.345
56965.124
58322.422
62481.850
58459.543
61995.950
59547.640
57090.931
60404.412
59441.987
61386.820
59620.336
58610.640
62077.105
57229.701
60245.343
62232.275
60837.992
61039.172
62598.471
61099.876
57352.304
61084.397
60427.357
62859.319
60896.780
59524.436
59496.485
57479.121
59362.371
59903.502
59908.085
61054.062
61011.847
57585.377
59208.240
61232.414
59468.959
60711.700
60330.719
59275.612
62566.753
57723.887
63270.893
63218.527
61579.488
59748.840
61468.020
57826.944
59988.406
61563.697
61150.268
63114.949
60653.389
59401.754
59377.398
63262.064
63174.348
61649.859
60879.588
60056.977
62141.236
58085.997
59434.291
63489.318
62480.617
59984.758
61067.518
60693.964
58206.223
62095.121
59712.872
61851.535
62524.617
63593.406
61715.662
58325.645
61640.903
60378.686
60290.627
63542.388
62348.571
62402.800
58449.674
63523.304
61365.750
63617.837
62809.177
62285.453
61819.054
58566.034
62940.210
62783.234
60701.706
61431.743
62975.898
61203.785
58680.624
60428.247
49664.434
62675.297
64314.142
64093.512
63142.788
61295.353
60928.505
58829.624
60620.185
62953.509
60542.695
61571.080
61574.351
58930.807
62838.864
62487.405
62680.420
65169.699
62957.492
64199.302
59740.063
64857.531
63387.886
63960.213
63186.347
63241.333
64378.697
63459.150
59884.980
63037.667
64250.518
63951.463
64642.381
62823.478
59963.711
61871.756
66184.513
69678.791
66169.601
66161.234
68628.632
64315.550
67749.105
69711.212
68473.421
67622.859
66003.330
66939.652
66759.720
64476.140
68128.522
69592.725
66086.881
70319.053
67353.174
64629.029
68036.523
66635.821
68981.990
66607.572
68445.437
68116.840
70131.209
64779.948
70170.086
66418.458
70067.689
67858.923
69542.792
67318.752
64939.812
70052.769
67482.073
68958.655
70185.993
69828.451
65059.219
70177.872
68005.446
67142.997
66909.306
69924.522
69745.377
65175.608
68758.510
67989.316
71032.219
68871.289
67530.058
65275.922
67373.008
70612.192
68060.894
68622.895
67986.760
67611.188
65395.985
70166.662
68273.250
69914.564
69864.556
68256.054
70284.277
65513.168
69394.533
68458.028
67992.829
67640.610
69647.800
71008.641
65627.899
69020.774
71629.517
68912.875
69411.423
68232.518
67906.048
70338.760
65764.736
69042.850
68915.833
70587.825
68778.045
71919.393
70759.315
66224.825
68208.776
69305.304
68803.858
72084.289
69460.567
71800.478
66340.756
70828.762
68962.477
72338.708
71490.020
71988.776
66713.624
69001.060
68454.407
70540.495
70105.821
71680.382
72387.230
71172.364
66847.935
72552.841
71411.282
72619.479
72533.831
72923.638
67084.931
71097.326
69913.860
70149.500
69306.407
69867.510
71360.216
70853.062
67356.639
69293.939
71340.643
67467.455
67503.057
67556.690
67639.351
67750.063
67814.849
67895.796
67989.625
68072.800
68164.952
68248.637
68341.449
68469.990
68563.025
68644.870
68735.931
68818.633
68904.586
68988.897
69073.040
69150.746
70122.156
70172.366
70318.274
70392.549
70487.007
70570.797
70650.779
70730.969
70823.204
70908.371
70996.687
71078.926
71170.691
71240.496
71335.096
71416.032
71485.449
71567.960
71645.323
71726.318
71804.404
71908.500
72019.152
72104.868
72194.736
72279.047
72371.244
72457.317
72546.933
72629.571
72721.086
72806.280
72897.572
72984.673
73076.222
73162.112
73249.858
73337.805
73427.808
73512.658
73580.429
73733.285
73828.161
73914.465
74006.800
74088.104
74180.011
74264.046
74347.902
74429.788
74518.386
74603.904
74695.326
74782.345
74869.052
74955.735
75042.699
75125.702
75218.976
75304.799
75444.814
75573.407
75691.171
75799.793
75917.378
76014.135
76094.806
76176.465
76263.390
76342.016
77326.015
77391.900
77551.246
77622.071
77717.967
77807.091
77898.588
77984.370
78072.164
78158.315
78250.252
78326.486
78432.761
78515.682
78638.207
78723.568
78818.232
78904.290
79036.675
79112.381
79201.836
79285.990
79375.558
79463.821
79553.302
79638.671
79745.367
79841.547
79919.107
80025.904
80146.376
80267.895
80397.513
80489.606
80580.410
80667.742
80757.849
80871.802
80963.772
81048.161
81164.211
81284.102
81431.530
81523.307
81618.428
81703.700
81796.955
81880.655
81970.505
82053.479
81882.663
81963.688
82057.059
82140.226
82278.065
82405.236
82523.137
82622.804
82696.937
82778.212
82871.113
82955.241
83048.500
83134.055
83218.515
83308.201
83392.397
83476.387
83563.261
83638.873
84608.678
84675.506
84836.528
84904.227
85000.917
85085.563
85172.467
85261.114
85352.637
85437.529
85528.735
85611.898
85700.687
85794.296
85884.336
85969.608
86064.290
86149.562
86242.903
86325.932
86415.175
86479.466
86569.861
86649.433
86742.867
86825.535
86914.521
86997.673
87087.501
87171.085
87262.481
87348.636
87439.086
87525.509
87613.985
87699.898
87792.400
87940.406
88033.669
88120.371
88208.850
88294.577
88383.269
88467.754
88554.852
88639.360
88730.015
88813.573
88906.262
88994.000
89078.940
89161.333
89290.269
89366.194
89456.324
89541.081
89631.375
89713.845
89803.953
89886.054
89978.062
90065.099
90135.489
90218.227
90310.283
90393.476
90481.661
90560.582
90643.935
91629.699
91698.468
91847.222
91923.360
92008.896
92099.294
92181.616
92273.820
92359.908
92449.948
92535.492
92628.308
92712.488
92829.417
92913.821
93003.791
93089.864
93177.855
93261.316
93350.615
93436.658
93521.953
93606.856
93694.724
93779.020
93867.816
93952.741
94044.268
94130.617
94220.232
94302.442
94393.671
94477.832
94568.383
94632.562
94720.744
94803.751
94893.403
94975.110
95050.585
95137.164
95219.288
95302.846
95394.541
95480.829
95567.688
95650.032
95739.350
95823.683
95911.212
95993.645
96079.975
96161.462
96283.220
96362.643
96475.709
96595.570
96673.988
96754.368
96843.537
96929.852
97018.886
97101.375
97193.267
97276.296
97368.736
97448.729
97521.398
97592.976
97663.764
98621.335
98697.871
98843.504
98922.160
99006.832
99077.396
99160.742
99248.059
99336.859
99438.351
99522.829
99617.299
99704.165
99805.210
99887.975
99981.088
100063.536
100158.509
100244.503
100337.368
100421.976
100516.971
100602.061
100695.562
100777.276
100869.227
100954.477
101068.828
101190.440
101297.598
101385.619
101474.844
101561.252
101656.303
101811.778
101909.794
102027.848
102159.381
102273.665
102369.398
102454.375
102547.131
102630.436
102720.596
102803.938
102897.186
102962.617
103054.944
103139.304
103214.186
103299.562
103391.841
103476.811
103571.098
103656.255
103732.679
103817.940
103904.385
103988.215
104080.804
104166.631
104258.757
104343.154
104406.368
104488.757
104581.319
104669.191
104762.733
104844.444
104928.728
105906.811
105978.575
106133.573
106212.225
106297.236
106393.106
106478.553
106573.854
106659.941
106753.595
106838.107
106930.036
107015.423
107108.984
107196.622
107289.132
107377.734
107440.755
107523.672
107618.984
107704.457
107795.808
107882.868
107976.604
108060.993
108153.265
108238.246
108330.209
108413.070
108508.401
108593.553
108689.699
108775.303
108867.567
109039.802
109081.727
109132.878
109221.898
109309.662
109402.262
109487.679
109579.954
109665.137
109758.861
109841.045
109928.027
110014.383
110110.745
110203.002
110334.978
110413.704
110509.988
110597.320
110652.957
110736.873
110828.064
110914.156
111004.114
111068.126
111159.630
111246.705
111339.744
111426.145
111519.437
111602.951
111697.484
111779.340
111865.848
111947.387
112946.194
113010.105
113165.922
113236.200
113329.425
113414.198
113503.758
113592.833
113688.383
113775.276
113866.605
113953.460
114042.081
114125.606
114217.315
114303.086
114396.520
114483.908
114573.810
114636.503
114734.977
114813.268
114904.970
114990.398
115081.206
115167.405
115260.653
115347.803
115432.773
115519.121
115588.650
115744.092
115840.491
115926.538
116020.966
116106.272
116195.843
116281.215
116373.900
116457.928
116551.720
116638.005
116728.395
116811.618
116902.187
116985.355
117077.131
117170.028
117299.892
117388.923
117489.200
117577.475
117630.526
117715.068
117808.655
117894.813
117989.704
118083.078
118170.705
118247.192
118338.931
118422.419
118516.203
118604.854
118697.841
118869.871
118943.658
119025.320
119114.935
119192.358
120180.797
120225.273
120354.477
120428.160
120522.074
120603.938
120747.454
120837.368
120893.899
120973.367
121065.326
121150.762
121242.598
121328.946
121420.152
121506.423
121595.100
121678.367
121772.576
121857.978
121952.433
122038.323
122126.479
122211.765
122305.524
122391.582
122482.449
122570.198
122660.995
122747.187
122838.158
122923.311
123012.621
123097.975
123191.558
123280.294
123369.981
123456.828
123543.728
123629.365
123721.711
123808.149
123877.533
123964.027
124056.678
124147.460
124234.319
124317.605
124411.527
124498.844
124588.169
124628.931
124705.650
124791.387
124882.814
124964.982
125056.297
125139.680
125219.222
125302.516
125394.382
125478.446
125568.669
125654.757
125747.725
125834.100
125926.681
126010.526
126097.023
126175.027
127218.969
127264.570
127448.041
127494.812
127622.966
127735.578
127831.664
127910.689
128006.872
128092.360
128180.884
128262.706
128308.125
128356.688
Elapsed: 0.147215270
Message Size: 1
