1208.913
1202.781
1401.734
2345.245
2276.376
1947.608
1864.646
1942.139
2166.491
1932.237
2177.596
1843.754
1973.066
1947.533
1859.002
2012.156
2048.381
2070.140
2185.736
1999.110
1932.055
1947.518
1933.407
2078.738
1946.338
1931.988
1975.365
2054.818
2061.509
2049.875
2016.101
2210.069
1921.680
2076.052
1964.055
1954.630
1994.289
1961.362
1870.491
1961.883
2019.629
2114.426
1943.555
2048.220
2090.298
2051.942
1963.858
2132.840
1996.301
1918.219
1977.887
1911.961
2109.896
1848.202
2138.872
2004.232
2213.981
1917.634
2119.850
2031.688
1941.178
1908.995
2057.038
1840.651
2048.578
1913.186
1766.499
2086.204
1922.261
2039.865
1823.418
1961.611
1798.391
1883.436
1870.900
1989.629
1947.176
2085.790
1928.914
1061.376
1850.277
1864.977
1878.090
1309.108
1803.294
1854.133
1946.956
1930.024
1915.161
1858.972
1907.796
1912.482
1787.640
1896.661
1891.267
1839.716
2084.609
1800.358
2080.284
1914.743
1803.316
1936.857
1895.215
1786.068
1940.072
1940.601
1873.180
1884.282
1910.623
1862.567
1971.699
1918.901
1872.528
1898.017
1822.133
1823.727
1865.789
1840.029
1879.904
1844.604
1848.258
1759.294
1747.631
1846.336
1887.999
1269.910
1181.796
2060.045
2279.766
2032.239
2063.759
1929.965
2090.551
1966.950
2019.197
2134.606
1857.474
2019.651
1857.255
1933.008
2128.631
1905.032
2087.306
2004.266
2123.550
1948.133
1978.368
1896.165
1982.816
1936.015
1963.515
2072.576
1892.835
2259.586
2172.351
2046.775
1937.613
2094.232
859.041
1985.561
1972.277
1998.365
1950.968
2064.563
1964.290
2008.498
2088.733
1959.141
2034.854
1919.832
2163.630
2046.216
1951.754
2122.410
3015.112
1842.011
1989.476
1961.105
2063.170
2104.416
2029.110
2189.215
1907.516
2104.077
2041.884
1987.524
1845.378
2028.096
1933.958
1847.200
1974.717
1934.111
1932.826
2052.806
1930.475
1773.201
1806.092
1971.979
1986.194
1873.691
1914.468
2075.989
1921.196
2465.662
1929.875
1946.896
1959.160
1777.649
1803.704
1993.436
1953.028
1904.201
1863.148
1919.836
1902.316
1834.914
1889.136
1917.787
1804.281
947.904
2040.073
854.835
1951.199
1991.354
1900.237
1928.244
1761.828
1972.914
1910.131
1730.889
2055.954
1903.500
1920.436
1812.190
2002.217
1937.818
1808.815
1952.399
1790.062
1850.244
1834.299
1872.819
1876.503
1859.561
3671.020
1835.939
1719.721
1969.744
1798.704
1691.148
2083.678
2290.737
2094.619
1880.251
1918.539
2166.554
1875.281
2148.785
1887.836
1866.393
2060.864
1847.375
1997.042
2044.212
1930.598
2220.470
1899.581
2150.178
1947.906
1938.526
1859.494
2001.524
1938.250
1926.720
2101.783
2016.433
2226.062
2021.208
1998.138
1952.175
2109.885
1865.700
2056.029
1993.708
1948.629
2036.121
1959.082
2025.466
2092.518
1951.899
2050.616
1872.398
2093.140
2134.722
2028.260
1966.584
2102.464
1924.697
1951.437
1870.692
2095.863
1915.328
2216.253
2096.202
2046.376
1998.965
2020.501
1949.225
2012.685
1927.692
1979.146
1889.691
1861.516
1978.137
1904.394
2086.598
1969.036
1888.514
1878.399
1707.371
1896.802
2058.148
1916.938
2004.340
1968.849
1886.711
1876.365
1891.296
1808.245
1933.035
1989.927
1799.457
943.121
903.998
1924.228
1826.715
1984.674
1810.446
1902.606
2006.944
1883.127
869.051
1749.735
1982.845
1949.281
1998.134
1908.939
1920.927
1970.835
1925.226
1748.327
2003.036
1717.556
1941.033
1881.178
2002.120
1886.357
1962.718
1916.703
1787.815
1948.025
1780.894
1921.665
1855.988
1864.005
1737.036
1806.729
1862.332
1851.052
1748.696
1910.787
1872.785
1830.976
1580.942
1662.098
1883.026
1923.021
2241.842
2094.164
1884.971
1910.537
2161.507
1961.559
2209.738
1815.196
1961.663
1964.021
1885.545
2028.268
1997.385
1895.133
2163.369
2069.984
2000.429
1905.844
1907.673
1901.340
1997.724
1931.872
1968.790
2023.969
2121.523
2207.682
1994.256
2014.779
2067.655
2890.866
2104.115
1901.831
2022.602
2015.959
1959.860
2000.589
1971.677
2120.886
1997.657
1918.357
2056.845
2123.471
1914.017
2143.688
2043.750
934.642
1947.407
1965.187
1871.593
2060.756
1950.674
2137.244
2107.617
2036.642
2085.090
1894.563
2054.196
1985.878
1973.841
1862.884
1925.766
1897.134
1901.936
1967.493
2060.845
2022.352
1865.774
1794.897
1782.835
1990.218
1906.708
1960.080
1978.993
1992.103
1916.442
1772.035
1917.318
1781.657
1954.205
1956.090
1843.549
1777.411
1974.817
1909.968
1896.624
1881.931
1887.929
1985.956
1903.899
1686.502
1823.064
2157.334
1892.105
941.403
2018.016
884.816
1967.099
1767.572
1930.822
1925.476
1770.604
1919.568
1889.594
1892.861
1909.334
2015.982
1998.369
1770.917
1909.927
1858.141
1945.537
1836.780
1821.756
1857.802
1702.636
1856.569
1824.137
1770.001
1840.282
1933.474
1879.487
1855.001
2193.727
1455.903
1053.605
1844.916
2396.416
2012.804
2134.401
1900.945
1912.229
2119.966
1993.060
2148.554
1828.380
2002.224
1923.699
1894.336
2119.750
1972.750
2007.376
2059.288
2084.445
1960.613
1934.458
1908.891
1992.568
1927.633
1967.583
2009.567
1978.476
2161.577
2227.597
1995.638
2001.718
2050.020
1886.848
2020.039
1956.724
2071.891
1993.217
1964.029
1965.929
2006.512
2070.013
1988.828
2007.082
2006.788
2116.863
1960.352
2078.924
2060.454
1966.301
1929.313
2005.588
1887.221
2067.994
2070.386
2006.117
2143.145
2036.568
2110.139
1886.114
2118.561
1821.082
2038.088
1818.769
1905.620
1903.299
2055.828
1922.119
1928.389
2051.942
1870.364
1779.031
1960.829
1807.090
2023.470
1895.983
2031.699
1985.881
1856.629
1825.530
1818.869
1927.301
2027.500
1855.485
3725.629
1898.151
1877.967
1928.356
1827.307
1881.786
1983.970
2753.284
1747.865
2087.329
1986.720
1950.517
1964.513
1916.617
1749.333
1939.684
1795.247
1919.188
1890.756
1909.576
1884.863
1909.781
1958.638
2010.047
1799.665
1983.006
1788.892
1877.137
1912.098
1835.074
1883.123
1732.361
1854.610
1808.789
1793.817
1767.974
1953.933
1816.150
1948.275
1550.056
1479.812
1666.240
2043.687
2261.993
2033.047
1833.998
1973.327
2099.313
1908.097
2014.756
2073.981
1876.067
2026.398
1867.943
1911.782
2108.216
2079.081
2167.687
1948.725
1936.670
1984.406
1969.382
2035.122
1965.597
1921.039
1983.989
2068.851
1876.865
2157.565
2081.454
2169.449
1940.522
1948.386
2031.945
2037.983
1992.144
1987.103
1852.989
1947.548
2039.194
2101.254
1949.716
2030.466
2064.016
2102.979
1904.804
2074.454
2076.533
1960.564
1938.518
1990.199
2003.379
1966.044
2036.441
2002.541
2164.498
2017.710
2048.746
2059.463
1911.711
1998.115
2035.737
1860.440
2084.106
1859.158
1802.504
2073.601
832.181
2064.127
1904.409
1853.377
1933.627
1844.622
1939.982
1799.904
1932.915
1988.806
1977.269
1904.581
1774.412
1921.605
1962.617
2698.433
1778.260
1911.618
1787.078
1941.908
1873.102
1950.681
1873.583
2012.637
1875.814
1770.854
1798.995
1989.421
1928.594
3053.542
2962.179
1771.949
1965.139
1743.425
1993.101
1710.221
2071.492
1808.789
2022.099
1875.360
2033.837
1838.870
1802.988
1955.517
1816.075
1950.093
1891.255
1796.257
1717.981
1843.136
1826.733
1831.081
1756.549
1944.885
1848.031
1902.997
1573.078
852.615
1313.582
2004.221
2239.283
2047.718
1953.769
1891.509
2025.556
2020.881
1994.293
2141.912
1824.398
1981.910
1922.350
1883.503
2219.729
2014.481
2082.705
2004.143
1946.762
1963.489
1975.089
2064.437
1990.173
1921.527
1963.966
2051.402
1909.126
2151.843
2069.931
1962.937
2184.324
1867.138
2040.822
2000.552
1996.759
2008.889
1851.607
1938.313
1999.468
2148.800
1936.216
2020.068
2082.270
2074.566
1950.268
2096.929
1928.460
2088.923
1973.592
1984.946
1984.071
1947.284
1935.907
2028.208
2141.912
2168.596
2005.313
1986.124
2047.017
1958.027
2024.047
1850.657
2102.684
1846.485
1857.396
1885.582
1920.599
2128.586
1860.294
1974.836
1831.930
1782.101
2025.563
1821.049
2057.847
1912.639
2057.254
1744.065
1863.472
1984.857
1884.121
1878.537
1849.163
1853.645
1975.060
1936.596
1854.252
1770.165
2027.500
1882.780
1816.332
1913.950
1810.122
2922.967
2932.247
2003.610
1903.929
1919.266
1801.983
1941.565
1802.001
1889.482
1935.001
1903.247
1817.439
1909.282
2077.773
1802.012
1965.903
1793.940
1940.399
1884.319
1789.410
1843.922
1879.450
1823.004
1848.761
901.368
862.524
1773.514
1756.996
1874.980
1858.164
1715.332
1574.725
940.435
2267.372
2016.846
1966.789
1903.545
1912.665
2167.553
1992.967
2186.306
1817.640
1969.382
1977.716
1850.810
2096.854
1978.356
2173.763
2074.793
1910.668
2010.331
1944.873
1914.296
2075.095
1999.583
1962.464
2008.446
1990.635
2134.234
2078.474
1928.303
2224.095
1878.299
2072.588
1995.552
1965.165
1949.545
1986.593
1908.135
1961.336
2015.684
2091.311
1951.281
1992.691
2129.987
2051.085
2047.032
1983.497
1990.978
1953.255
1972.418
1956.381
2060.950
1892.589
2136.726
1950.476
2305.448
1867.816
2050.083
2111.573
1844.741
2071.027
1848.884
1998.916
1920.234
1919.538
1905.393
3000.196
1895.946
1949.158
1917.224
1832.850
1894.213
1923.051
1836.374
2082.177
1939.014
2066.910
1661.755
1874.905
2005.585
1963.526
1802.292
1776.297
1924.213
1935.169
1952.302
1882.244
1907.412
1911.726
1820.497
1895.741
1923.282
1802.456
1940.597
1992.267
1882.404
1968.671
1939.416
1944.680
1766.965
1986.913
1777.239
1882.438
1911.525
1968.443
1867.123
1849.812
2024.051
2003.308
1838.338
1931.395
1821.246
1795.713
1885.518
1827.821
1910.143
1827.314
1834.322
1786.437
1755.942
1784.127
1959.916
1787.812
1748.383
1447.286
788.998
428.777
Elapsed: 0.260859150
Message Size: 1
