155.299
24.163
19.377
16.753
14.662
14.457
14.035
14.104
126.992
14.003
137.497
19.153
13.942
16.146
15.338
14.066
15.483
19.702
25.408
26.448
20.212
27.055
16.147
227.853
20.531
17.106
20.526
260.892
30.290
15.451
25.852
18.104
16.768
20.086
274.750
22.458
17.372
18.264
17.366
25.110
16.043
46.561
284.875
19.331
20.745
60.764
21.899
338.205
22.215
21.547
21.518
20.304
19.399
18.349
21.925
19.064
20.019
19.659
20.066
18.410
18.850
18.614
18.963
19.134
19.930
18.686
19.535
18.939
18.544
17.453
19.829
19.187
20.023
18.658
20.329
18.548
18.616
18.139
19.053
18.945
19.542
18.795
19.456
19.364
18.954
18.046
20.045
19.465
19.679
18.547
19.460
18.588
18.497
17.919
18.699
18.989
19.689
18.534
19.422
19.729
18.942
18.076
19.784
19.644
19.552
18.680
19.250
19.200
18.512
18.032
19.132
18.858
20.088
18.143
20.178
20.192
20.200
17.797
19.520
19.576
19.687
18.339
19.177
20.042
19.902
17.762
19.582
19.252
19.345
18.826
19.339
19.122
18.889
17.643
19.835
19.542
19.617
18.373
19.518
18.549
18.287
17.323
18.620
18.768
19.823
18.728
19.344
18.977
18.630
18.537
19.443
19.433
19.606
18.439
19.266
18.436
18.155
17.793
19.067
18.618
19.482
18.584
19.438
18.897
18.586
18.579
19.606
19.523
19.424
18.608
19.624
18.868
18.333
19.141
19.658
19.268
19.809
18.423
19.403
18.726
18.275
18.374
19.397
18.364
19.700
18.420
19.491
18.681
18.268
18.418
19.442
18.431
19.371
18.534
19.307
18.789
18.125
18.046
19.429
18.968
19.597
18.278
19.331
18.603
19.990
18.518
19.241
19.441
19.387
18.354
19.444
18.581
19.887
18.494
19.154
19.361
19.543
18.342
19.455
18.488
19.226
18.669
19.007
19.802
19.799
18.656
19.384
18.481
18.327
17.701
19.211
19.179
19.379
18.558
19.510
19.202
18.332
18.593
19.699
18.836
19.570
18.740
19.137
18.411
18.534
18.311
19.131
19.234
19.396
18.535
19.183
18.704
18.696
18.876
19.344
19.453
19.359
18.502
19.314
18.445
18.263
17.769
18.897
18.875
19.261
18.698
19.593
18.674
18.312
18.205
19.658
18.819
19.422
18.586
19.512
18.612
18.379
18.033
19.361
18.918
19.520
18.544
19.292
18.534
18.336
18.185
19.304
19.082
19.950
18.862
19.158
18.454
18.367
18.098
18.802
18.660
19.366
18.393
19.342
20.134
19.939
18.290
19.902
19.556
19.539
18.581
19.346
19.468
18.601
17.786
19.655
19.542
19.385
18.273
19.608
18.449
18.268
17.400
19.085
18.822
19.790
18.437
19.360
18.508
18.428
17.529
18.711
18.866
19.488
18.549
19.678
19.743
19.110
17.982
19.711
19.496
19.556
18.696
19.426
18.960
18.272
18.724
19.709
18.929
19.419
18.369
19.504
18.460
18.287
18.418
18.941
18.498
19.541
18.321
19.612
18.476
18.301
18.200
19.046
18.847
19.387
18.492
19.282
19.055
18.755
18.275
19.561
19.415
19.699
18.639
19.557
18.523
18.121
18.276
18.896
18.861
19.526
18.650
19.178
19.377
19.070
18.773
19.539
19.167
19.249
18.496
19.527
18.805
18.251
18.304
19.261
18.785
19.522
18.468
19.438
18.554
18.350
18.251
19.294
19.097
19.646
18.500
19.425
18.390
18.355
18.821
17.922
19.622
18.651
19.206
20.069
16.950
19.722
19.028
19.507
19.557
19.481
20.040
20.050
20.174
20.777
19.554
19.299
19.341
20.141
21.328
20.779
19.266
17.428
19.247
19.462
19.558
19.671
18.541
19.962
18.277
19.866
19.554
19.726
19.495
19.687
18.982
18.367
19.945
18.353
19.752
19.908
19.469
19.459
18.528
19.951
18.352
18.349
19.438
19.526
19.641
19.991
18.337
19.994
18.359
18.575
19.456
20.045
19.319
19.431
18.373
18.242
19.837
18.385
19.539
19.557
19.673
19.608
18.303
18.366
20.010
18.418
19.335
19.633
19.708
19.584
18.482
18.248
19.917
18.527
19.493
19.661
19.644
19.579
18.490
18.221
19.884
19.118
19.649
19.546
19.501
19.641
19.549
18.259
19.828
19.487
19.339
19.675
19.825
19.543
19.061
18.558
20.179
19.984
19.067
19.696
19.341
19.540
19.668
18.523
20.123
19.525
19.573
19.767
19.382
19.747
19.622
18.260
19.878
20.009
19.684
19.674
19.639
19.568
18.565
20.023
18.463
19.003
19.399
19.547
19.815
19.656
20.091
18.307
19.680
19.844
19.323
19.650
20.205
19.870
19.508
19.775
26.448
17.083
19.371
19.893
19.042
18.591
18.980
30.586
19.832
18.839
18.161
15.691
15.569
16.628
21.766
16.711
22.750
20.696
15.885
17.809
15.626
18.190
20.741
21.480
20.245
29.563
18.963
17.907
18.869
23.796
15.573
15.419
17.960
18.959
30.598
17.979
14.582
23.238
15.466
20.197
13.646
32.817
14.603
14.825
14.941
17.226
17.764
15.582
39.101
20.311
28.825
19.149
15.932
20.527
31.318
20.627
18.633
18.272
21.282
19.703
28.400
19.099
15.701
15.308
16.406
22.642
24.252
30.796
16.108
14.630
38.768
18.969
17.108
24.295
15.737
14.989
19.883
16.370
20.830
20.183
18.150
16.492
24.080
14.324
17.646
14.581
14.371
19.521
17.238
25.447
16.515
19.502
17.295
18.077
25.093
19.171
18.774
36.265
20.879
15.928
15.191
25.214
18.926
37.279
18.809
33.152
21.186
16.648
15.852
20.826
18.003
19.754
18.293
18.611
18.942
17.154
20.293
15.692
14.971
54.081
34.623
30.097
30.785
15.645
20.774
20.484
20.199
23.712
31.247
16.255
22.385
30.371
18.687
19.839
21.614
21.070
85.263
20.244
21.447
19.026
21.404
26.904
15.453
20.482
15.939
17.953
28.826
21.718
21.952
15.700
22.176
21.399
18.008
21.288
23.117
22.174
21.190
21.077
21.517
20.531
21.074
19.404
23.286
21.587
22.201
21.331
20.485
20.975
20.162
21.446
20.951
21.164
21.405
20.138
22.430
22.449
19.270
18.902
21.878
21.666
22.133
21.527
22.040
19.887
21.515
16.955
16.045
20.206
20.629
17.446
38.755
19.908
14.586
15.210
18.217
16.863
17.156
17.311
17.522
15.175
18.529
19.786
22.844
17.142
37.417
16.909
23.115
39.067
19.410
20.673
18.527
16.813
26.328
14.279
22.949
23.452
21.993
19.869
22.265
16.392
37.686
22.760
21.487
21.310
21.972
20.242
22.136
19.596
20.249
21.602
19.905
20.867
20.028
21.703
21.516
19.748
19.973
21.255
18.805
21.449
19.912
21.674
21.333
19.644
20.088
21.631
18.985
21.116
19.978
21.659
21.191
19.934
19.424
21.314
19.355
21.114
19.617
19.126
21.717
19.741
19.700
21.412
20.940
19.456
17.636
16.072
18.952
21.889
28.272
15.789
20.755
17.792
16.094
19.092
18.386
19.083
15.349
16.561
17.481
19.757
19.490
19.070
38.842
21.690
20.665
22.913
23.113
20.142
20.291
22.086
21.955
21.276
20.875
21.678
21.857
20.105
19.002
21.598
22.095
21.034
20.200
21.154
19.368
20.132
21.226
21.245
21.785
21.840
20.111
21.073
21.146
21.120
22.081
21.572
21.342
21.571
20.041
20.787
21.292
19.863
21.111
21.351
21.234
21.177
19.705
20.903
21.390
19.752
21.427
21.531
20.443
21.263
19.973
20.894
21.243
19.490
21.095
21.538
21.496
21.176
20.154
21.090
21.185
19.127
20.804
21.511
21.017
21.268
19.968
20.864
21.059
19.299
21.250
21.506
20.714
19.597
21.711
22.078
21.445
23.349
21.171
19.948
20.449
19.786
19.918
17.856
35.807
30.425
19.284
18.719
29.586
15.687
18.934
15.739
17.744
17.813
24.108
25.516
26.661
15.202
17.519
19.442
18.486
16.135
21.202
51.272
22.640
23.332
15.075
19.832
17.307
45.719
16.053
25.019
27.783
46.388
17.137
21.304
21.998
25.224
21.980
15.970
21.274
19.634
22.247
25.992
22.302
21.995
20.993
39.317
17.139
19.002
16.767
22.818
23.517
55.661
16.907
24.574
46.858
24.016
17.090
26.346
18.633
20.066
23.450
43.523
23.836
22.361
28.060
25.692
22.566
20.554
15.325
25.163
26.317
28.674
19.120
19.072
25.853
24.766
19.388
28.437
23.529
17.382
24.601
35.245
22.699
24.697
18.377
16.390
17.793
540.294
25.230
Elapsed: 0.004317503
Message Size: 1
