7895.622
12472.726
12441.735
12406.948
12372.388
12336.899
12302.273
12267.788
7165.723
15113.036
15083.582
15053.641
15022.039
14991.852
14961.688
14931.868
7937.585
15920.662
15922.476
15922.730
15923.645
15924.007
15924.468
15925.497
7938.017
15921.534
15923.532
15923.724
15924.678
15924.969
15925.457
15926.382
7937.465
11922.293
11923.817
11924.500
11927.638
11927.991
11928.480
11929.479
3934.798
7932.396
7934.075
7934.670
7935.490
7936.503
7937.001
7938.088
255.523
1107.919
3529.567
3531.563
3532.572
3532.783
3533.217
3533.814
52.709
433.894
2534.301
2535.384
2536.271
2536.615
2536.762
2537.336
549.599
579.988
1840.859
1842.244
1842.954
1843.522
1844.543
1845.290
1434.927
3212.968
3324.596
3325.128
3325.897
3326.347
3326.786
3327.405
446.762
2476.709
3101.497
3102.425
3103.300
3103.582
3104.049
3104.844
1224.206
3239.802
4512.697
4514.177
4515.055
4515.423
4515.570
4516.223
103.356
520.440
2499.522
2500.511
2501.288
2501.580
2502.025
2502.807
573.681
894.692
1840.790
1842.035
1842.850
1843.186
1843.370
1843.988
2615.766
3283.179
3456.635
3457.630
3458.559
3458.646
3459.093
3459.552
455.531
2421.603
2965.421
2966.539
2967.295
2967.700
2968.206
2968.894
398.201
1311.062
4380.661
4382.483
4383.444
4383.857
4384.292
4385.023
99.145
426.944
890.187
891.085
892.129
892.402
892.906
893.614
1951.272
2280.626
2904.654
2905.432
2906.217
2906.582
2907.047
2907.836
941.714
3999.927
4424.936
4426.174
4426.839
4427.029
4427.797
4428.729
435.661
2401.494
2632.058
2632.971
2633.734
2633.968
2634.362
2635.032
698.327
1622.563
4659.489
4661.249
4662.318
4662.529
4663.451
4664.121
402.055
991.304
1080.157
1081.942
1082.950
1083.214
1083.718
1084.429
1831.318
1906.301
2701.358
2702.320
2703.771
2704.320
2704.740
2705.373
1037.148
3841.099
4413.660
4414.940
4415.936
4416.136
4416.501
4417.243
560.251
1127.709
2520.452
2521.637
2522.402
2522.801
2523.407
2523.844
821.704
2025.982
4585.906
4587.851
4589.111
4589.370
4589.875
4591.981
707.436
1160.719
2164.708
2166.513
2167.649
2168.018
2168.408
2169.589
1018.298
1151.903
1812.417
1813.417
1814.329
1814.755
1815.245
1815.952
1005.295
3622.389
4398.546
4399.618
4400.221
4400.578
4401.014
4401.819
474.718
2084.545
2629.717
2630.734
2631.392
2631.847
2632.194
2632.845
96.942
755.193
1551.481
1552.453
1553.253
1553.749
1554.288
1555.070
2861.771
3484.099
4109.172
4110.502
4111.493
4111.891
4112.529
4113.330
2021.278
2095.824
2477.397
2478.266
2478.949
2479.350
2479.830
2480.509
612.252
1228.775
3935.836
3937.780
3938.717
3939.036
3939.583
3940.288
630.600
1166.735
3269.149
3270.151
3271.002
3271.312
3271.796
3272.334
570.754
671.589
1173.001
1174.008
1174.836
1175.608
1176.014
1176.775
527.695
3222.800
3944.845
3946.244
3946.929
3947.492
3947.952
3948.688
439.699
2543.480
3282.150
3283.220
3283.786
3284.264
3284.589
3285.223
493.018
540.552
1049.302
1050.139
1051.080
1051.279
1051.685
1052.364
2646.280
3312.535
3902.377
3903.176
3904.099
3904.526
3904.892
3905.602
1982.409
2871.180
3448.084
3448.879
3449.743
3450.064
3450.224
3450.764
257.961
451.165
3031.505
3032.985
3033.885
3034.256
3034.460
3035.182
567.853
1215.104
3257.118
3258.394
3259.367
3259.724
3260.025
3260.753
1004.746
1524.987
1627.211
1628.034
1629.341
1629.878
1630.368
1630.900
739.220
2762.914
3385.513
3386.388
3387.319
3387.688
3388.258
3388.821
663.953
2686.078
3782.447
3783.449
3784.373
3784.938
3785.638
3786.362
473.610
608.619
1826.101
1828.084
1828.890
1829.292
1829.691
1830.371
1467.854
2110.294
2792.756
2793.986
2794.814
2795.171
2795.639
2796.217
2015.011
3097.708
3600.580
3601.712
3602.745
3603.131
3603.448
3604.049
267.577
1800.363
2710.729
2712.268
2713.185
2713.539
2713.994
2714.669
874.949
1398.755
3450.378
3451.707
3452.974
3453.567
3454.101
3454.772
1030.521
1521.083
1807.381
1808.250
1810.311
1810.598
1810.809
1811.464
2073.647
2415.559
3302.368
3303.337
3304.154
3304.386
3304.874
3305.875
570.465
2547.596
3760.747
3761.954
3762.828
3763.109
3763.719
3764.544
464.151
881.328
3375.112
3376.772
3377.654
3377.960
3378.379
3379.041
124.008
831.430
1109.210
1110.276
1111.300
1111.769
1112.373
1112.918
2065.769
3352.446
3799.723
3800.862
3801.524
3802.010
3802.487
3803.251
296.123
2743.480
3450.024
3452.287
3453.028
3453.499
3453.904
3454.494
156.285
813.995
2902.532
2903.750
2905.686
2905.908
2906.506
2907.369
920.359
1352.132
1639.953
1640.940
1641.970
1642.271
1642.832
1643.670
2575.448
3303.816
3801.593
3803.206
3804.063
3804.207
3804.673
3805.211
228.630
2276.943
3304.288
3305.454
3306.655
3307.065
3307.523
3308.229
368.761
492.502
3256.018
3257.467
3258.185
3258.523
3258.863
3259.574
681.594
1396.151
1756.011
1757.840
1758.646
1758.790
1759.226
1759.899
1761.462
2753.345
3151.481
3152.168
3152.992
3153.246
3153.763
3154.347
299.252
2673.382
3837.639
3838.502
3839.345
3839.603
3840.186
3841.000
557.935
1341.228
2620.801
2622.276
2623.260
2623.406
2624.201
2624.895
751.742
1238.845
1913.646
1914.396
1915.301
1915.705
1916.235
1916.924
2001.627
3409.728
3832.182
3832.984
3834.081
3833.864
3834.358
3835.169
1141.870
2000.727
2723.386
2724.241
2725.013
2725.417
2725.966
2727.190
497.587
1412.552
3251.024
3252.616
3253.484
3253.901
3254.646
3255.586
1478.962
1867.904
3518.472
3520.878
3521.886
3522.290
3522.767
3523.430
433.452
902.615
1527.700
1528.437
1529.251
1529.590
1529.800
1530.521
750.133
2682.063
4226.886
4227.796
4229.290
4229.696
4230.115
4230.762
280.253
2341.242
2442.381
2444.124
2445.391
2445.716
2446.470
2447.047
698.329
1333.141
1811.096
1812.403
1813.360
1813.606
1814.029
1814.596
1804.636
3408.479
3873.079
3873.630
3874.643
3874.886
3875.388
3876.098
2020.467
2559.009
3153.152
3154.153
3155.083
3155.065
3155.454
3156.096
516.827
672.101
2508.569
2510.254
2511.081
2511.378
2511.455
2511.785
1563.118
1987.639
4095.677
4096.780
4097.577
4097.556
4097.926
4098.355
1024.292
1118.535
1654.101
1654.835
1655.797
1656.008
1656.521
1657.212
204.892
1833.106
3631.408
3632.446
3633.663
3633.951
3634.463
3635.248
525.533
2625.668
3659.635
3660.583
3661.472
3662.032
3662.610
3663.582
339.900
445.062
723.922
724.786
725.783
726.350
726.781
727.521
1586.069
3347.716
3838.484
3839.461
3840.242
3840.711
3841.235
3842.016
2090.300
3175.450
3655.421
3656.118
3656.881
3657.841
3658.098
3658.838
105.272
481.284
1926.154
1928.400
1929.448
1929.756
1930.232
1931.054
1640.361
2085.601
4369.012
4369.727
4370.508
4370.887
4371.191
4372.246
930.552
1431.175
1545.625
1547.310
1548.239
1548.434
1548.905
1549.646
867.819
1664.437
3485.151
3486.166
3486.770
3487.096
3487.538
3488.005
525.718
2718.412
3621.984
3622.662
3623.323
3623.793
3624.255
3624.998
460.719
674.939
2063.422
2065.275
2066.332
2066.785
2067.290
2067.914
301.728
1970.231
2590.721
2591.665
2592.673
2593.082
2593.558
2594.204
2154.885
3067.781
3614.903
3616.093
3617.010
3617.573
3618.259
3618.841
286.424
1961.891
2119.123
2121.115
2122.121
2122.553
2123.162
2123.817
1592.030
1926.516
4174.657
4176.134
4176.667
4177.088
4177.615
4178.246
973.954
1480.887
1716.907
1717.628
1718.614
1718.898
1719.347
1720.070
1573.026
2339.066
3523.661
3528.948
3530.455
3530.745
3530.861
3531.695
226.833
2486.974
3457.570
3456.826
3455.419
3453.670
3452.006
3450.819
547.884
779.015
2343.802
2345.469
2346.274
2346.706
2347.380
2348.080
692.254
2185.891
2384.775
2386.783
2388.259
2388.804
2389.151
2389.669
2010.889
3033.776
3627.705
3628.648
3629.695
3630.067
3630.444
3631.043
1692.629
2301.704
3911.480
3912.661
3913.380
3913.667
3914.030
3914.733
570.498
2236.224
3281.984
3283.160
3284.128
3284.360
3285.344
3286.053
416.273
591.156
2313.007
2314.086
2314.756
2315.213
2315.591
2316.403
509.018
2143.074
3206.363
3208.104
3209.163
3209.312
3209.939
3210.975
1195.543
2291.885
2688.475
2689.848
2690.627
2691.046
2691.565
2692.320
176.685
1912.604
2460.479
2461.593
2462.579
2463.077
2463.590
2464.266
1476.841
3088.373
3811.092
3812.338
3813.471
3813.530
3814.061
3814.867
1144.831
1345.356
1747.496
1748.660
1749.744
1750.211
1750.792
1751.573
1689.600
2171.353
3668.636
3669.649
3670.666
3671.003
3671.442
3672.269
2177.130
2359.544
3417.900
3419.096
3420.148
3420.522
3421.212
3422.118
284.272
659.906
2606.156
2607.272
2607.912
2608.489
2608.912
2609.597
429.918
1699.390
4108.415
4109.474
4110.307
4111.037
4111.466
4116.632
350.687
1084.412
1396.017
1397.413
1398.385
1398.948
1399.551
1400.387
305.585
2421.719
2891.080
2892.209
2893.201
2893.530
2893.970
2894.699
965.420
3413.434
4469.310
4471.501
4472.414
4472.927
4473.489
4474.035
288.324
459.750
984.630
986.176
987.304
987.806
988.363
989.106
2152.011
2621.221
3214.596
3215.550
3216.449
3216.648
3217.114
3217.586
2439.091
3795.476
3894.709
3895.881
3896.901
3897.136
3897.568
3898.313
114.511
642.377
2906.785
2908.603
2909.706
2909.864
2910.441
2911.206
349.555
2295.601
3023.622
3022.842
3021.707
3020.489
3019.044
3017.852
1525.274
1668.272
1928.894
1929.681
1930.359
1930.704
1930.974
1931.643
931.015
2904.407
3361.182
3362.868
3363.854
3364.436
3365.035
3365.778
Elapsed: 0.441256706
Message Size: 1
