299.645
305.596
305.466
341.069
348.578
347.130
375.683
377.582
167.845
190.758
229.227
236.682
244.782
296.905
303.173
303.278
187.081
242.664
250.554
258.051
265.231
313.063
336.006
342.593
140.340
204.464
218.729
234.389
238.619
286.612
289.994
321.707
178.554
220.401
219.163
221.059
260.945
286.499
323.277
334.095
138.671
190.032
201.047
245.792
254.506
262.350
300.233
305.755
140.639
145.654
233.542
239.319
243.146
260.777
270.757
279.538
168.070
192.354
251.023
259.080
298.504
305.421
309.638
325.370
145.850
173.936
227.331
234.533
254.046
281.590
301.891
311.930
132.690
191.143
219.015
230.652
239.758
249.863
280.441
297.760
163.805
233.344
247.781
254.749
262.012
266.488
309.607
315.348
256.118
262.749
266.738
271.649
276.407
302.918
320.650
337.179
176.895
204.870
221.524
223.461
227.115
252.601
295.329
298.882
154.582
162.435
240.160
247.648
253.455
263.769
298.049
321.376
166.115
179.265
194.502
204.751
255.352
279.492
295.381
315.818
158.412
177.066
216.044
222.791
302.992
310.932
318.785
325.029
256.790
266.257
274.135
280.138
285.230
288.781
297.307
312.365
118.030
188.829
213.830
226.903
236.709
244.057
292.486
310.816
137.587
217.443
241.871
248.907
250.803
264.507
288.879
294.096
164.526
201.381
215.762
220.511
235.244
288.684
294.235
298.224
117.505
206.461
217.176
224.562
231.805
256.443
262.147
270.852
165.398
191.489
200.750
251.442
259.722
268.240
306.277
322.887
162.846
171.763
230.228
237.783
245.198
301.873
308.299
313.036
163.774
210.082
215.181
219.292
224.893
279.641
287.309
293.517
126.640
157.762
212.571
219.799
226.983
277.293
282.221
291.200
154.285
184.489
213.946
224.670
263.838
294.930
297.373
307.248
172.608
178.600
220.168
227.481
234.379
260.499
271.901
277.214
165.291
188.778
200.136
207.774
230.774
275.477
281.207
285.953
136.266
200.331
207.757
234.478
256.457
263.659
297.165
302.214
185.980
193.521
200.379
219.846
268.762
286.062
300.691
306.109
115.349
250.081
258.548
263.600
273.711
280.491
286.923
293.394
110.758
146.050
192.031
205.779
234.323
240.587
269.116
277.690
177.178
217.895
219.220
225.768
234.272
297.042
305.303
312.978
187.242
205.177
212.883
216.539
283.473
289.811
293.652
302.436
141.648
174.146
210.658
220.907
232.098
257.493
262.668
286.120
154.361
176.065
240.370
248.387
253.536
281.964
294.685
317.737
133.606
197.634
217.144
236.599
253.822
316.011
320.324
322.499
204.492
209.341
215.011
219.054
242.495
292.880
301.165
305.442
134.471
180.943
189.364
231.946
242.157
249.603
271.712
277.331
163.518
196.358
217.187
230.352
238.147
299.513
304.105
309.681
193.444
211.476
227.684
244.416
250.525
268.910
309.191
317.284
165.696
171.142
213.627
219.702
241.585
247.599
300.157
309.603
138.383
177.091
209.468
233.654
255.670
278.213
300.789
321.473
144.306
188.135
230.937
237.352
243.291
249.936
295.179
304.271
197.517
217.131
217.807
224.075
227.587
284.584
291.924
297.490
188.334
217.163
237.026
247.697
253.437
268.531
311.277
318.151
196.032
201.155
206.528
304.375
314.484
321.961
328.825
335.780
137.750
193.688
206.742
208.866
238.169
269.946
289.839
297.021
143.925
195.978
203.517
215.371
245.325
285.214
296.523
312.371
153.804
214.529
222.388
234.588
270.571
274.531
309.755
316.931
116.365
197.286
206.592
258.127
269.545
272.647
301.436
309.224
190.433
198.491
211.742
217.515
220.383
269.494
289.312
308.523
135.759
194.771
209.530
222.175
230.222
285.830
290.689
295.838
117.823
155.408
207.441
231.830
239.347
261.222
309.416
315.636
146.984
192.095
195.889
243.049
251.706
257.109
261.597
281.910
145.627
167.808
228.955
236.179
252.155
263.924
293.213
300.487
136.019
141.715
229.258
236.693
252.090
256.150
264.759
304.048
141.251
202.607
211.346
218.059
304.264
310.156
314.849
319.347
112.330
200.336
214.738
216.707
223.940
288.577
297.330
303.046
166.073
177.696
230.583
237.179
242.847
261.552
300.476
305.971
163.650
171.022
201.253
206.042
218.284
241.447
267.522
272.203
163.603
206.040
211.614
218.434
241.392
254.375
292.579
303.012
146.625
171.986
190.399
213.532
240.766
262.764
274.785
293.312
119.151
188.828
218.492
247.362
260.545
270.779
313.270
321.180
131.702
162.419
229.185
236.860
254.388
300.069
317.505
335.364
170.562
192.599
225.348
269.182
276.955
281.998
286.635
313.306
155.385
163.176
241.424
249.669
301.684
331.985
335.884
345.746
161.311
184.920
232.685
241.843
246.151
251.163
305.270
312.345
161.715
186.951
201.361
209.622
281.818
288.037
293.242
331.848
187.698
215.425
229.387
249.928
255.526
260.527
307.608
313.097
205.935
215.635
222.178
228.609
235.222
292.140
298.899
319.829
133.516
189.809
236.827
243.196
247.935
250.570
262.533
287.141
173.675
183.847
226.690
234.854
261.418
273.029
311.542
317.758
166.757
172.960
229.134
260.268
268.002
271.870
309.298
326.682
148.482
175.142
235.734
251.510
257.508
263.349
306.366
313.899
125.975
187.316
197.247
200.929
212.482
262.733
268.756
274.657
162.708
219.025
227.562
232.710
302.485
307.598
315.014
325.579
123.736
269.988
276.616
280.018
286.430
293.359
300.850
307.911
135.456
203.449
236.772
245.047
249.480
259.457
289.164
323.861
108.496
143.803
196.453
210.068
238.688
241.285
274.166
295.257
194.388
212.495
278.857
294.368
299.379
307.823
313.546
337.454
162.046
188.953
194.031
242.751
255.271
262.107
267.666
271.642
143.368
197.862
204.970
209.561
267.575
318.620
326.951
337.674
196.320
220.860
226.277
231.259
236.194
243.549
249.695
284.008
137.510
210.731
224.894
273.211
286.687
289.450
307.612
332.316
159.350
209.227
214.722
220.767
273.709
281.446
300.335
317.723
182.743
192.028
221.001
221.166
244.638
265.273
299.348
303.776
134.177
221.057
269.709
275.365
290.371
293.094
298.537
321.241
116.696
177.388
245.294
253.227
260.962
297.597
308.425
328.198
142.474
170.687
231.489
236.516
243.790
313.876
321.454
328.377
157.229
166.962
195.039
245.306
252.213
283.805
303.349
328.663
131.810
201.412
208.419
213.529
249.053
278.526
308.439
313.760
157.598
191.251
206.109
208.330
269.993
295.356
311.361
321.259
164.260
202.297
229.460
237.521
250.803
261.355
291.642
307.423
159.143
196.098
203.325
229.046
256.914
266.674
302.260
314.028
206.143
228.678
236.261
242.557
249.305
254.542
272.160
280.855
128.397
204.430
209.627
218.034
224.610
284.714
292.247
299.689
164.718
189.231
227.572
267.662
275.632
284.673
304.020
312.688
142.488
208.965
215.776
223.284
262.189
300.661
312.093
317.318
152.092
186.854
212.240
232.598
239.579
247.940
292.924
301.526
198.034
204.217
211.641
224.581
229.656
268.781
287.444
292.950
153.716
188.455
200.947
212.040
228.146
243.050
282.615
288.356
154.420
158.512
249.451
254.106
257.166
261.884
301.688
308.926
157.427
197.496
210.466
241.456
247.466
258.271
301.888
311.515
121.767
202.873
211.726
214.339
222.893
263.932
296.749
302.461
226.259
246.696
255.016
268.094
282.742
287.578
310.659
312.571
111.541
183.939
193.320
200.693
224.228
268.914
298.546
305.815
172.533
188.431
221.046
233.036
238.496
277.130
283.455
288.167
171.513
180.533
191.851
218.531
229.038
279.083
284.104
286.757
117.510
187.180
194.873
202.517
258.217
264.581
269.528
285.237
167.210
207.681
214.545
228.310
235.830
278.532
295.223
325.055
105.460
220.908
227.055
234.191
239.181
246.079
278.424
286.482
134.305
200.415
207.905
239.894
267.972
275.781
284.974
317.396
153.395
191.998
202.449
220.988
230.143
297.194
306.180
313.611
133.038
158.837
221.783
234.412
241.157
287.201
292.744
294.738
138.571
174.091
216.035
242.311
255.888
264.035
269.734
304.031
188.980
195.954
232.111
251.491
280.995
295.480
337.220
342.379
153.492
220.900
229.623
246.483
254.237
261.440
301.230
308.926
116.970
185.432
217.851
311.233
319.579
324.089
327.769
332.556
127.972
199.967
222.452
228.797
259.942
270.931
297.842
305.728
140.801
187.689
200.640
205.334
238.100
274.225
292.266
321.534
151.470
179.500
219.582
226.033
257.686
264.656
267.444
300.326
151.103
183.058
231.582
266.554
280.728
285.559
297.802
329.612
149.051
200.867
235.425
242.848
249.168
297.510
303.007
306.099
116.960
192.931
205.068
227.002
232.246
241.533
253.076
277.477
Elapsed: 0.040816413
Message Size: 1
