6317.798
1922.179
940.800
1541.849
896.066
1359.712
1375.075
1457.196
2327.416
1791.392
1827.553
1880.325
1847.565
1774.061
2308.194
1360.372
1568.936
828.758
1626.272
1632.210
1302.660
1825.575
1532.506
1428.634
1159.824
1741.193
1767.971
2654.828
1512.811
1973.726
2643.693
1811.750
1101.557
889.789
3208.168
2781.320
1722.626
3220.323
2858.203
1626.410
1468.312
1872.182
1918.204
1242.444
1411.241
722.803
754.107
805.169
1150.429
825.703
1779.012
1109.317
887.491
2890.408
2932.563
947.565
1673.743
2437.361
1705.538
1747.884
902.884
1305.595
3690.008
2591.074
1766.603
1706.194
1202.323
1992.505
1381.654
2122.980
3096.998
1605.567
959.381
1827.542
1095.500
2086.557
2181.906
955.563
1022.149
1719.791
2564.568
4202.817
3384.952
1525.622
1280.062
1306.124
1075.309
1396.731
2588.000
3252.145
2022.304
1156.729
899.803
1353.435
1249.451
842.653
2131.067
1418.430
1825.698
2356.254
1277.469
1449.801
1554.452
2027.087
1382.720
2443.381
1537.602
1496.684
1014.464
2643.071
1241.736
3142.286
3253.784
1228.906
1248.047
837.784
1465.578
1286.518
2204.787
2114.836
1725.227
1090.940
1708.243
3387.250
904.508
6747.216
1825.411
1137.085
1284.990
1524.590
1110.490
1150.656
798.348
1056.574
1819.063
1295.615
2738.655
2057.962
1761.738
2062.242
1573.320
1530.495
1682.416
1938.701
1601.402
3563.382
2553.709
1524.806
2612.270
2046.391
1209.326
2544.507
1415.957
2290.193
2951.715
951.968
1722.276
1376.685
1277.599
2061.263
3295.865
2076.641
2416.786
1252.063
1052.640
1252.402
1689.691
972.886
1541.026
1143.526
1927.815
1173.962
5056.493
1425.572
2703.335
1525.283
1368.430
1940.347
962.775
1278.628
1707.908
2763.867
2282.202
2621.751
1650.181
2048.153
2060.466
1819.283
1008.023
1872.737
1743.492
953.160
854.567
1705.717
1322.318
1829.628
1430.314
1948.193
2028.625
1500.156
2449.814
1346.130
1366.917
1712.896
1408.316
2038.203
1798.876
1648.832
2285.760
1736.350
1358.472
1252.983
1561.735
1194.157
2394.997
7083.189
883.497
1042.183
1590.520
1504.119
2058.130
2412.826
2987.642
1868.673
4836.444
2546.690
1245.949
1338.709
1117.490
1285.162
876.948
885.345
1242.921
802.439
1273.546
2270.795
2641.760
1879.841
1443.081
1019.627
1399.294
2942.249
1020.931
1450.676
1804.493
1605.593
1476.008
1909.867
2389.576
1500.610
3699.128
1239.419
2050.139
1360.733
1414.992
1171.496
1309.972
1575.351
1713.693
2251.469
1797.207
2650.701
2730.470
2329.573
2640.318
4279.897
1529.872
2211.045
1186.121
1124.103
1599.751
1408.365
1598.872
1685.008
2234.746
1078.695
2365.381
1197.435
1096.006
2198.819
3424.324
1528.576
1363.795
1620.546
1568.407
1098.096
1155.097
1348.872
1988.690
1620.747
1150.534
874.098
1246.039
1461.353
1106.109
2064.228
4659.358
1292.370
1986.202
1240.447
1691.446
2552.733
1501.005
2057.742
883.710
1645.982
2216.455
1594.882
1025.937
1332.741
1292.467
1399.692
1704.421
1692.168
1774.296
1437.318
1538.008
2737.675
977.222
1985.397
2497.774
7603.571
825.983
1436.815
1087.144
1487.408
1461.051
1114.782
2145.287
1415.845
1511.592
2073.813
1476.370
1526.952
1401.752
1158.845
5921.017
1779.694
2132.077
1111.109
1154.840
877.112
956.692
1899.514
2973.106
1795.694
1857.672
1835.052
2082.266
1871.701
1603.287
1277.141
2814.803
1090.787
2191.912
1450.803
3213.298
2145.585
1898.509
1953.430
2448.644
2037.451
2380.714
1325.492
1959.369
898.652
994.757
887.193
2224.557
1583.088
1454.413
1108.356
837.248
854.623
928.368
7899.851
1727.656
1197.703
1067.594
1991.432
1218.382
1021.288
819.851
1241.501
2588.343
2586.506
1501.337
1935.057
2247.997
1028.169
1951.151
1416.016
2591.256
2153.590
1481.809
1945.797
1124.263
1185.153
829.540
776.652
981.834
2175.715
3107.931
3243.655
1648.400
1512.323
1029.078
1211.401
2505.746
1249.220
3474.534
4372.288
1751.989
1747.485
1680.758
1235.127
920.899
3030.822
1832.813
946.719
759.352
1455.035
1414.105
2111.614
1871.739
806.663
1553.744
3678.858
2862.327
1897.555
1765.538
1124.080
1479.000
2091.780
2567.351
1634.222
9925.723
2929.192
1528.416
1886.200
946.574
2384.592
4293.378
2803.359
2063.654
1948.342
1524.668
2011.485
2667.673
2367.098
1815.312
3187.034
1602.635
1819.126
1615.588
1748.603
1022.201
2464.745
1794.852
2724.778
2479.050
937.808
1759.510
861.309
934.634
922.028
1038.902
2612.479
1705.479
1600.638
1920.953
5652.431
1164.146
1296.315
1432.613
1732.450
1533.911
3662.292
2982.840
2303.623
1870.893
1909.234
1956.742
1153.201
1176.670
1287.065
1346.573
1333.658
783.127
1007.188
1543.641
1819.711
3825.881
1071.364
1764.692
1158.103
1296.539
1061.160
928.067
1085.151
6550.621
897.545
1304.530
1529.679
1178.503
3556.188
2024.461
2142.280
1454.487
1621.086
1712.572
1567.435
1821.324
2888.862
2449.036
2660.550
3099.784
2560.779
1819.916
1577.392
1130.555
1832.303
977.822
829.544
1535.017
2094.705
918.586
2118.260
2481.848
931.345
1486.108
1066.905
1141.857
1160.957
2064.109
2311.271
867.501
2827.674
1560.166
2087.139
1304.224
1221.996
816.420
1352.709
1106.776
1199.950
814.512
1304.645
2117.828
1186.382
767.354
1601.834
963.412
1326.583
1871.463
4252.389
1943.357
2006.445
1967.486
1736.823
2802.882
1447.372
1811.281
2197.463
2371.095
2555.065
1773.760
1937.769
1052.387
1371.164
1764.264
1945.842
1465.932
2036.307
1256.656
2547.458
3061.730
1777.276
1581.736
1220.014
1169.082
1401.179
1439.143
1631.487
1829.095
1829.930
2962.720
1248.438
973.102
3026.124
7041.670
942.860
1012.191
2412.040
2236.526
3237.553
2327.874
2660.967
4194.472
1653.656
1331.549
1450.568
1799.125
1111.452
1580.372
1140.170
1293.637
2140.276
1964.267
2656.337
2643.377
1210.984
2820.708
1117.568
809.439
1140.874
6520.618
3385.022
859.335
1692.366
1589.552
2739.649
1117.408
855.274
881.072
6689.906
1145.955
1623.414
912.718
1165.111
1903.590
2449.956
754.703
1054.712
1566.283
1859.352
1378.402
1754.168
1979.731
1816.571
1825.292
1634.084
2103.753
1374.420
2304.681
1229.215
825.018
2178.960
1698.736
1553.845
1603.294
1508.120
1483.504
1571.029
2435.658
1550.015
1871.426
1778.010
1987.100
1560.919
1781.572
2184.518
1513.939
1021.322
1050.554
2129.108
1513.578
6017.368
4390.817
1108.494
1297.176
1400.296
1808.010
1493.841
810.567
1377.895
2251.823
1712.076
837.848
1196.962
915.956
1259.025
1166.802
935.275
1193.311
2220.318
1360.368
1031.522
1780.074
1894.820
2634.980
1140.378
759.460
1513.243
2792.232
1178.257
1894.575
2342.634
1801.159
1486.495
1577.813
905.130
1488.071
2571.788
1817.316
1206.171
1920.938
1616.683
1775.548
2506.796
1097.530
3177.557
1228.049
1797.199
959.188
913.166
833.075
1042.698
2163.731
1344.174
2974.223
1858.037
1793.034
1862.917
3397.342
939.749
1415.502
1924.280
1409.739
1752.358
2032.191
3190.961
1021.091
1414.932
935.499
2070.937
1858.424
1429.010
2080.753
1290.761
1113.877
974.432
1949.660
2183.989
1117.039
789.776
979.587
1285.747
2038.788
727.125
6065.484
2769.422
1265.168
1685.739
1803.689
2132.483
1409.460
2040.550
1809.575
2750.620
1532.499
2226.703
1334.880
980.623
1523.711
1801.282
1230.668
1710.124
1775.540
3178.276
3383.152
2235.789
1738.749
1476.306
1956.247
1525.022
1998.331
1204.472
1530.901
830.065
1192.197
2402.872
2836.756
1179.516
912.469
2536.070
1938.716
4126.482
1175.813
911.955
1547.061
1164.280
969.302
1216.169
936.363
2111.465
1382.500
949.621
1683.973
6971.177
3278.255
2412.438
2930.079
2111.081
1414.437
1737.971
1782.857
5163.629
1732.185
2315.223
1486.048
1646.578
3517.333
1661.938
1481.734
2006.423
1526.382
2252.288
2116.587
1031.164
1115.013
2173.990
1618.028
1545.705
2446.514
1441.900
1057.532
1248.036
2581.798
2037.920
6931.871
1029.048
2330.180
1858.693
1349.334
1188.345
945.136
967.771
829.980
852.887
717.320
918.362
1606.587
1471.773
1207.236
1270.398
2285.216
4392.006
1537.245
2021.633
1766.440
2200.332
1087.673
1858.488
878.766
2060.879
1138.289
1000.408
1122.121
1544.729
1191.363
1412.854
3626.399
1801.889
1188.986
1849.987
1357.742
859.279
2171.282
1384.735
749.297
889.048
732.623
659.708
683.118
6397.851
1213.938
1799.017
1874.637
1603.160
1680.303
1719.914
2179.384
2029.341
2506.513
1911.670
2108.082
1735.345
2252.642
1593.605
1418.646
1039.736
2520.457
1513.630
1181.487
2225.816
1563.169
1489.706
1328.651
2105.698
1442.030
3553.871
1736.287
1859.352
1814.287
1454.063
954.039
1242.358
2156.220
6314.799
805.832
1376.804
2542.835
2421.081
1230.281
2104.789
1516.670
1586.858
1680.151
1140.390
1583.979
1409.069
1721.680
1196.254
1135.208
1099.437
1579.285
1110.289
1664.050
1109.947
1389.336
1220.033
2027.433
1508.728
2253.283
821.128
2220.064
2475.880
1693.998
1708.686
1598.794
970.416
1511.034
1789.182
1541.007
1970.708
894.684
1781.154
1354.236
1892.872
1243.636
2208.222
1647.569
1462.638
1551.181
1507.588
1324.970
2242.245
1843.411
1168.821
1012.858
2083.749
1654.495
816.446
1547.981
1021.702
1242.887
909.600
1746.651
1943.909
890.877
1839.243
1491.565
1372.375
1562.778
1528.893
1625.292
1603.726
1751.479
1500.063
1420.945
1764.625
1500.435
1412.086
1807.570
1513.217
1649.793
1512.457
3246.699
4886.385
1146.544
1655.743
1403.816
1698.948
3943.134
1225.602
907.853
1265.313
1346.882
1861.028
Elapsed: 0.421435155
Message Size: 1
