5521.688
7043.125
6830.186
6615.330
6404.522
6210.374
6021.183
5833.692
4487.331
4486.462
4485.936
4486.193
4486.665
4486.505
4486.353
4486.910
3483.753
3483.822
3483.735
3483.466
3483.143
3483.891
3483.762
3483.485
3990.028
3990.672
3990.723
3991.325
3991.117
3990.943
3991.122
3991.682
3993.630
3994.839
3994.354
3993.750
3995.874
3995.147
3994.447
3993.718
3991.026
3993.353
3994.449
3993.126
3993.189
3993.878
3994.639
3994.840
3868.947
7991.408
7992.431
7991.744
7991.858
7991.411
7991.723
7991.362
4115.617
3997.516
3997.762
3998.039
3998.223
3998.183
3998.476
3998.277
3998.342
1898.003
1898.095
1897.647
1896.659
1896.833
1896.988
1896.253
1896.805
6086.438
6089.122
6095.897
6097.368
6097.307
6097.671
6097.843
6098.289
148.222
70.337
3838.361
3993.852
3987.376
3987.374
3986.118
3910.030
3986.325
3985.782
3992.917
3992.679
3991.816
3992.377
3992.136
3992.095
3991.883
3991.447
3992.724
3994.459
3994.680
3995.163
3995.518
3995.991
3996.341
3996.089
3993.337
3994.512
3994.254
3993.445
3993.780
3993.274
3993.293
3993.697
3992.460
3993.561
3994.524
3994.845
3994.809
3994.890
3994.411
3994.444
342.646
107.661
1057.173
1075.559
1096.316
1117.439
1138.958
1160.563
1182.488
2337.109
354.229
57.038
3735.449
3301.630
3281.641
3260.707
3239.773
3218.357
3196.972
2614.978
250.865
3678.452
3451.648
3431.188
3430.221
3429.338
3428.711
3427.666
361.929
291.135
1497.510
1123.694
1123.513
1143.677
1166.045
1187.673
1208.922
1662.038
2867.945
2613.076
2591.658
2569.579
2548.973
2527.304
2505.389
370.761
182.809
1723.301
1074.970
1063.606
1063.837
1063.999
1063.232
1063.040
1582.889
2732.770
2414.306
2396.663
2392.828
2400.053
2399.922
2400.193
101.785
1008.733
359.134
1023.520
250.539
1960.168
1978.894
1998.361
2020.351
2040.311
2061.430
1900.438
667.363
1957.067
1439.365
1647.706
1625.608
1603.305
1582.168
1561.896
317.542
1662.164
1007.247
990.623
989.841
989.946
989.227
988.944
456.944
1792.035
1273.167
1256.537
1256.420
1257.162
1257.629
1258.640
429.298
1922.898
1260.679
1259.194
1258.655
1258.288
1257.213
1257.197
329.628
1403.462
708.824
705.204
703.582
704.625
706.419
706.761
1664.324
79.659
403.669
2811.775
2569.060
2571.878
2575.029
2575.743
2573.644
2573.789
854.208
1772.274
1499.126
1497.611
1497.748
1497.103
1496.792
1496.773
557.129
1874.962
1371.944
1372.004
1372.271
1372.671
1373.217
1373.281
77.897
1023.337
349.615
348.283
347.973
347.700
347.399
346.996
264.002
619.024
1000.006
996.116
992.768
989.242
990.559
990.750
990.313
1926.625
3089.566
2852.553
2855.216
2858.555
2859.739
2858.238
2858.449
547.602
172.565
316.671
2129.129
1338.615
1336.789
1337.479
1336.735
1336.926
1336.711
1079.863
548.064
2035.736
1886.998
1885.767
1885.718
1885.377
1886.052
1885.808
428.870
927.748
811.643
808.661
805.571
807.690
807.654
806.995
372.110
2138.452
3070.432
3074.630
3077.440
3078.250
3077.509
3077.252
3077.251
563.040
2150.131
1351.304
1350.945
1351.016
1350.044
1350.035
1349.863
57.071
1351.783
705.805
704.465
704.175
704.182
703.683
704.109
679.241
124.238
514.371
2004.108
1496.650
1495.888
1495.674
1495.085
1495.208
1495.576
358.222
646.198
620.754
619.833
619.149
619.500
620.841
620.259
527.151
1433.065
1310.963
1310.806
1310.533
1311.460
1309.509
1309.814
667.790
2231.671
1589.050
1587.974
1587.336
1587.386
1586.500
1587.995
680.873
594.749
2243.462
1462.042
1461.171
1460.972
1460.903
1460.768
1459.824
1631.568
2474.258
2434.023
2434.131
2434.457
2434.327
2434.849
2435.398
82.013
39.088
1132.103
464.693
460.124
456.408
457.899
457.633
457.500
333.717
214.991
1308.049
1109.484
1112.609
1116.659
1117.705
1116.425
1116.214
683.332
2034.347
1613.384
1612.897
1613.060
1613.183
1613.492
1613.463
740.480
2318.329
1529.234
1528.529
1527.198
1526.584
1526.185
1525.849
474.756
1766.274
1123.449
1123.356
1123.319
1123.765
1123.770
1124.010
830.717
234.590
2162.345
1654.855
1652.655
1652.273
1651.768
1651.827
1651.574
326.887
294.494
1553.903
1113.777
1112.596
1113.132
1113.164
1113.205
1113.163
753.694
593.946
2018.045
1672.025
1671.502
1670.883
1670.889
1670.711
1670.826
785.986
1764.224
1587.789
1586.798
1586.494
1586.020
1586.017
1586.128
271.557
1583.073
922.328
921.367
921.366
921.473
920.996
920.799
1332.022
465.718
2639.764
2134.757
2133.779
2134.115
2134.047
2134.191
2135.330
97.681
920.520
730.667
556.072
1397.517
1398.113
1398.619
1398.445
1398.358
801.448
1414.769
61.660
1102.880
980.564
980.030
979.922
979.297
979.752
979.393
904.069
2494.160
1697.846
1698.617
1699.247
1699.414
1699.916
1803.438
39.643
1361.934
690.745
689.651
688.690
687.991
687.783
687.248
1763.057
3072.720
2565.612
2560.684
2562.779
2562.880
2563.181
2563.379
114.610
959.829
180.010
949.063
952.753
951.741
951.733
952.031
951.845
81.028
890.109
221.408
905.921
42.336
1053.973
1055.565
1055.823
1056.004
950.396
949.125
1089.151
990.921
640.888
2565.139
1779.373
1778.625
1779.678
1779.636
1779.857
1779.255
1847.835
2511.519
2549.305
2553.711
2552.900
2559.298
2594.089
2597.273
208.747
655.991
1621.210
1079.629
1079.335
1054.251
1051.747
1009.034
1043.644
59.899
352.691
349.944
347.258
346.966
512.121
277.231
1639.134
1637.648
1635.391
1411.708
1412.748
1414.913
1683.913
964.899
2271.062
1766.733
1765.434
1765.491
1766.390
1766.377
1766.133
677.238
2006.718
1320.839
1320.111
1321.047
1320.383
1320.346
1417.935
1546.777
54.463
2774.066
2247.923
2270.068
2272.397
2295.021
2296.090
2314.921
523.878
152.308
1498.459
135.962
1005.905
1003.106
977.659
974.258
953.300
951.973
964.337
1213.676
1214.829
1214.771
1215.837
1218.405
1219.963
1219.355
503.581
1414.285
1273.694
1272.746
1320.369
1289.555
1288.828
1289.343
651.090
1967.642
1312.258
1311.949
1311.546
1313.565
1312.597
1312.491
2359.337
210.336
305.469
3062.969
3629.212
3105.139
3107.911
3132.935
3133.922
3153.791
799.870
148.864
126.147
1716.870
1637.708
1671.903
1629.512
1627.807
1604.767
1603.848
284.718
1426.467
1061.882
1060.165
1059.980
1061.448
1060.932
1060.966
718.169
2030.336
1385.362
1383.395
1383.271
1385.484
1384.833
1384.122
2998.539
231.031
4240.044
3707.001
3730.684
3734.322
3740.397
3776.933
3777.708
26.663
53.180
832.093
490.906
487.250
462.464
458.638
414.809
451.728
724.582
80.195
1846.353
1643.450
1643.700
1645.057
1646.937
1649.673
1651.078
629.864
1983.822
1277.364
1275.525
1275.492
1276.415
1275.884
1275.201
3719.147
175.193
4409.734
4960.472
441.753
4469.763
4472.779
4497.273
4497.672
4517.111
211.088
445.246
1067.667
1049.590
1084.826
1040.985
1040.511
1017.671
1015.867
331.748
37.331
787.220
568.605
567.744
616.363
583.364
583.157
582.813
356.259
1080.403
1001.566
1001.342
1001.175
1003.419
1003.201
1003.962
4536.361
193.378
212.528
5772.077
5259.606
5283.135
5285.526
5291.265
5328.411
5329.135
40.735
471.402
1059.159
887.129
883.594
858.977
858.036
816.786
852.155
92.817
330.066
258.866
1084.921
920.760
950.760
951.057
948.095
950.491
951.565
5153.738
388.608
99.507
5905.648
6116.749
5944.566
5903.210
5927.017
5930.302
32.560
5969.155
538.259
449.075
445.787
420.535
417.273
394.694
403.036
887.024
883.128
650.342
651.465
638.569
670.063
656.586
112.898
515.556
1141.617
1018.958
1017.692
1018.604
1020.414
1020.019
1020.281
4872.618
238.611
5825.474
5573.206
5597.140
5600.751
5621.963
68.702
67.407
5678.344
5679.257
50.726
109.544
335.488
1103.354
779.609
779.062
807.054
804.806
804.149
783.199
350.139
1160.626
1125.876
1123.404
1121.485
999.106
999.096
1048.480
172.964
1506.688
971.286
970.895
971.971
973.143
972.851
973.405
4421.619
285.240
99.786
77.533
5856.199
5189.196
5215.855
5218.156
5239.682
5260.258
5260.281
132.004
71.323
618.033
466.392
466.211
439.560
438.979
418.140
396.336
125.252
498.273
1123.125
1072.905
1072.112
1071.517
1071.471
1071.167
1071.658
5410.907
452.307
105.239
6421.920
24.036
6154.087
6155.576
6176.780
6178.865
6201.059
6202.806
34.852
476.789
889.852
892.358
865.679
864.312
842.199
841.268
818.462
629.169
1597.983
1416.518
1451.659
1433.588
1433.926
1433.902
1433.471
4583.077
447.009
5982.289
5313.700
5337.568
5338.772
5363.299
5363.944
70.839
5401.196
39.244
427.349
284.651
282.932
257.342
197.040
382.253
434.639
434.535
94.590
386.881
1005.897
985.875
988.795
989.208
65.037
997.863
998.289
998.382
751.953
5206.529
507.885
6355.826
6356.996
6363.919
6399.405
6214.975
6215.457
58.226
61.026
6286.411
142.849
297.730
901.514
845.297
845.345
803.845
839.926
964.913
206.085
41.914
1383.861
1247.739
1247.195
1350.825
1351.075
4783.484
6184.999
5574.047
5580.805
5620.478
77.230
61.474
61.143
5563.392
108.437
341.011
331.550
331.910
1334.260
775.388
374.511
1139.030
246.894
1523.260
1523.549
1266.771
5187.412
5786.725
6106.743
889.851
349.200
353.828
1307.812
200.250
5396.939
666.971
59.737
Elapsed: 0.255767567
Message Size: 1
