5211.680
11934.808
11947.345
11946.057
11952.661
11952.399
11952.101
11950.759
11950.303
11949.800
11949.827
11949.722
11949.498
11947.577
11952.759
11950.758
11950.250
11951.186
11951.408
11950.083
11950.027
11948.431
11948.087
11946.413
11946.321
11946.478
11946.686
11945.134
11944.789
11942.695
11942.412
11941.568
11941.687
11939.496
11939.295
11937.766
11937.192
11935.438
11935.156
11933.283
11933.256
11931.270
11930.626
11929.482
11928.821
11927.472
11926.737
11924.416
11923.829
11921.855
11921.159
11919.714
11920.879
11918.917
11919.066
11917.331
11917.170
11915.374
11914.927
11913.425
11913.270
11911.827
11911.571
11909.506
11909.159
11907.266
11906.889
11904.630
11904.486
11902.473
11902.208
11900.412
11900.434
11899.134
11898.768
11896.898
11896.963
11895.009
11894.898
11893.046
11893.018
11891.555
11891.083
11889.558
11889.314
11887.763
11887.318
11885.756
11885.528
11884.136
11884.184
11881.754
11881.736
11880.262
11880.344
11878.611
11878.321
11876.212
11875.981
11874.524
11874.385
11872.405
11871.652
11869.782
11869.744
11868.021
11867.492
11865.138
11864.148
11861.920
11860.896
11859.078
11858.227
11856.369
11857.305
11855.915
11855.489
11854.173
11853.826
11851.854
11851.342
11849.804
11849.896
11847.898
11847.181
11845.198
11844.524
11842.655
11842.290
11840.101
11838.936
11836.894
11836.788
11834.762
11834.432
11832.903
11832.626
11830.668
11829.586
11827.789
11826.522
11822.989
11821.253
11819.146
11818.535
11816.684
11816.482
11814.254
11813.873
11812.205
11811.816
11810.039
11808.898
11807.383
11806.796
11804.408
11804.949
11803.570
11802.154
11800.403
11799.538
11796.912
11795.953
11793.158
11793.135
11791.573
11791.330
11789.527
11789.025
11786.980
11786.254
11784.462
11783.670
11781.863
11781.152
11778.545
11779.047
11777.506
11777.390
11775.050
11775.106
11772.871
11772.190
11770.819
11770.311
11768.961
11768.537
11766.895
11766.590
11765.132
11764.957
11763.133
11763.042
11761.600
11761.211
11759.029
11758.637
11756.937
11758.219
11756.817
11756.292
11754.576
11753.681
11751.544
11751.337
11749.813
11749.488
11747.794
11747.138
11745.520
11745.349
11743.842
11743.815
11742.008
11741.545
11739.727
11738.945
11737.478
11736.572
11736.735
11736.419
11734.233
11733.964
11732.571
11732.445
11730.181
11730.077
11728.329
11728.244
11726.448
11725.937
11723.552
11722.992
11720.854
11720.789
11718.605
11718.366
11715.710
11714.936
11711.884
11712.594
11711.522
11711.141
11709.490
11708.631
11706.585
11706.129
11704.500
11705.089
11703.070
11703.004
11700.462
11700.368
11697.889
11697.735
11696.367
11696.372
11695.066
11694.735
11692.894
11692.670
11691.063
11691.890
11689.649
11689.468
11688.083
11687.678
11685.870
11685.458
11683.880
11683.598
11680.755
11680.285
11678.669
11678.367
11676.791
11676.255
11674.099
11674.319
11672.483
11672.050
11670.336
11670.246
11671.481
11671.519
11669.524
11668.624
11666.331
11665.863
11663.589
11663.636
11661.980
11661.661
11660.161
11659.762
11657.302
11656.588
11654.898
11654.567
11652.248
11651.615
11649.485
11648.780
11646.387
11646.325
11646.668
11645.959
11644.130
11643.821
11642.364
11642.034
11640.144
11639.886
11638.273
11638.013
11636.056
11635.760
11634.308
11634.198
11632.282
11632.009
11630.269
11629.831
11627.519
11627.531
11625.180
11625.288
11623.643
11623.446
11621.089
11620.623
11618.465
11617.943
11614.887
11613.885
11612.121
11611.824
11609.506
11609.022
11607.165
11606.561
11605.424
11604.982
11602.720
11602.299
11600.182
11599.646
11600.289
11600.057
11597.986
11597.725
11595.874
11595.510
11594.077
11593.287
11591.543
11590.977
11588.512
11588.057
11586.043
11585.898
11583.894
11583.563
11581.998
11581.268
11579.732
11579.789
11577.250
11578.814
11578.958
11578.659
11576.778
11576.225
11574.235
11574.165
11572.576
11572.201
11569.712
11568.901
11567.451
11567.362
11564.945
11564.393
11562.704
11562.346
11560.666
11560.404
11558.574
11558.047
11556.737
11557.534
11556.156
11555.266
11553.206
11553.060
11551.087
11550.312
11548.730
11547.755
11545.596
11544.652
11543.131
11542.368
11540.686
11540.350
11538.626
11538.385
11535.936
11534.570
11532.311
11542.214
11542.435
11541.826
11539.623
11539.284
11537.465
11537.248
11535.554
11535.304
11533.627
11533.434
11531.255
11530.462
11528.287
11528.256
11526.925
11526.163
11524.331
11524.083
11522.773
11521.939
11519.816
11521.085
11519.154
11518.715
11517.202
11517.112
11516.008
11515.991
11513.799
11513.725
11511.790
11511.249
11509.180
11508.628
11506.275
11505.795
11504.362
11504.219
11502.876
11502.832
11500.413
11500.127
11498.103
11497.641
11495.119
11495.028
11493.794
11493.566
11491.456
11490.821
11489.055
11488.366
11486.212
11486.300
11485.267
11485.118
11482.980
11483.057
11480.899
11480.789
11478.926
11478.575
11477.402
11476.869
11477.019
11475.649
11473.407
11472.975
11470.904
11470.632
11468.525
11468.870
11467.194
11467.012
11465.500
11466.320
11463.460
11463.262
11462.037
11462.186
11460.146
11460.120
11458.599
11457.661
11456.048
11456.263
11456.941
11456.926
11455.321
11455.022
11453.656
11453.083
11450.642
11450.767
11448.020
11447.178
11444.209
11443.791
11442.385
11442.223
11440.477
11440.432
11438.393
11437.625
11437.094
11436.970
11434.549
11434.830
11435.679
11434.580
11432.878
11432.932
11431.307
11430.561
11428.276
11427.930
11426.241
11425.422
11424.120
11423.950
11421.644
11421.392
11419.257
11419.239
11417.564
11417.701
11415.415
11414.994
11416.023
11415.828
11414.159
11413.602
11411.591
11410.895
11409.511
11409.227
11406.913
11406.251
11404.424
11404.318
11402.483
11402.384
11400.066
11399.485
11397.515
11397.321
11395.090
11394.296
11392.562
11393.702
11392.157
11391.976
11389.747
11389.666
11387.676
11386.740
11384.646
11384.161
11382.701
11382.499
11380.234
11379.933
11378.564
11378.055
11376.575
11375.916
11374.263
11373.632
11371.483
11370.951
11370.412
11371.046
11367.751
11367.394
11365.860
11365.783
11362.864
11361.503
11358.828
11358.661
11356.560
11356.207
11354.741
11354.683
11352.880
11352.777
11350.286
11349.440
11347.874
11346.831
11345.722
11345.235
11344.021
11343.749
11342.224
11341.247
11339.250
11339.895
11338.445
11338.029
11335.351
11335.435
11334.129
11333.680
11332.071
11331.808
11330.151
11329.540
11327.365
11326.582
11324.814
11324.245
11324.645
11324.078
11321.697
11321.147
11319.842
11319.285
11317.218
11317.041
11314.720
11313.903
11312.219
11311.627
11309.990
11309.781
11307.486
11306.339
11304.466
11304.335
11302.903
11302.261
11299.992
11299.884
11301.306
11302.931
11303.197
11302.926
11301.352
11300.930
11299.047
11299.347
11297.310
11296.565
11294.988
11294.491
11292.895
11292.329
11290.572
11290.261
11288.214
11287.873
11285.253
11285.003
11283.992
11283.430
11281.374
11282.500
11281.539
11281.163
11279.601
11279.206
11277.037
11276.945
11275.242
11274.809
11273.998
11273.501
11271.857
11272.059
11270.170
11269.527
11266.981
11266.830
11264.665
11264.253
11261.732
11261.295
11262.328
11262.090
11259.752
11259.551
11257.776
11257.587
11256.013
11255.953
11254.562
11254.024
11252.704
11252.158
11250.368
11249.022
11246.832
11246.568
11244.512
11244.144
11242.445
11242.224
11240.393
11241.645
11240.093
11240.159
11238.822
11238.580
11236.388
11236.190
11234.116
11233.798
11231.970
11231.336
11228.915
11228.574
11226.734
11226.311
11224.566
11224.534
11222.564
11222.177
11220.833
11219.932
11220.171
11221.047
11219.097
11218.761
11217.018
11216.795
11214.898
11214.908
11212.780
11212.340
11210.927
11210.310
11208.393
11207.407
11204.639
11203.740
11201.898
11200.761
11198.669
11198.193
11197.130
11197.558
11197.811
11197.524
11195.983
11195.559
11194.062
11193.273
11191.344
11191.390
11189.117
11188.333
11186.998
11186.673
11184.456
11184.538
11183.148
11182.722
11180.040
11179.813
11177.849
11150.978
11148.802
11148.334
11146.882
11146.346
11144.383
11143.825
11141.873
11141.224
11139.489
11138.972
11137.163
11137.212
11135.656
11135.073
11133.694
11133.294
11131.526
11130.837
11131.335
11131.886
11130.987
11130.504
11129.096
11128.836
11126.970
11126.850
11125.144
11124.976
11122.308
11122.536
11121.116
11121.194
11119.406
11118.759
11116.525
11116.223
11114.222
11113.785
11111.985
11111.923
11111.385
11111.016
11109.114
11108.886
11106.866
11106.653
11105.049
11108.880
11107.336
11107.252
11105.537
11104.953
11103.541
11103.741
11102.116
11101.447
11099.532
11099.171
11097.643
11096.611
11096.832
11096.774
11095.607
11095.037
11093.543
11093.120
11091.393
11091.124
11089.054
11088.594
11087.087
11086.508
11084.385
11084.507
11082.982
11082.872
11080.637
11080.322
11078.332
11078.173
11075.629
11076.675
11075.767
11075.608
11074.247
11073.972
11072.895
11072.177
11070.145
11069.659
11067.359
11067.123
11065.241
11064.898
11063.376
11062.731
11061.280
11061.415
11059.254
11058.404
11056.330
11056.290
11054.371
11054.945
11052.388
11052.462
11050.165
11049.958
11047.524
11046.918
11045.757
11045.331
11043.455
11042.982
11041.754
11041.359
11039.210
11038.937
11036.479
11036.231
11034.534
11034.577
11032.396
11032.231
11032.671
11032.823
11030.498
11030.501
11028.338
11027.694
11025.607
11025.519
11023.621
11023.018
11021.060
11020.434
11017.816
11017.509
11015.370
11014.639
11013.046
11012.713
11010.326
11009.641
11007.878
11008.269
11007.512
11006.546
11004.979
11004.577
11003.463
11002.980
11000.226
10999.601
10997.632
10997.237
10995.684
10994.995
10992.972
10992.509
10990.579
10989.865
10987.661
10987.059
10985.112
10984.018
10981.472
10981.016
10979.908
10979.604
10977.752
10976.137
10974.186
10973.907
10972.616
10972.161
10970.315
10969.340
10967.333
10966.947
10964.497
10964.029
10962.462
10961.265
10959.067
10958.687
10956.574
10955.215
10952.631
10952.876
10950.768
10950.497
10947.927
10947.137
10945.473
10945.190
10943.428
10942.466
10938.848
10938.025
10936.740
10936.176
10938.021
10937.982
10936.577
10935.196
10933.624
10932.707
10931.124
10930.574
10929.506
10930.131
10928.911
10928.187
10926.183
10924.814
10922.211
10922.028
10919.621
10919.263
10916.760
10916.416
10915.088
10914.400
10912.473
10912.468
10910.669
Elapsed: 0.145431628
Message Size: 1
