1621.705
1645.489
1648.135
1681.221
1694.144
1687.179
1699.050
1703.954
853.825
871.140
879.954
882.607
896.332
888.137
887.439
874.228
463.563
637.945
595.651
806.111
841.332
765.698
1246.737
597.377
1246.471
625.408
1253.023
488.381
592.476
667.938
652.941
631.669
711.639
617.663
388.709
944.928
925.599
720.926
507.586
875.947
845.696
502.079
639.811
614.606
352.807
516.811
100.921
154.921
164.951
165.775
133.292
162.327
162.402
111.865
200.391
104.751
83.313
142.094
194.581
199.327
205.474
206.437
208.817
148.972
124.846
125.499
124.068
121.125
109.362
108.410
110.792
150.853
121.950
113.909
118.725
122.258
91.795
132.074
133.721
117.202
178.253
107.681
109.144
142.785
138.067
113.598
175.726
209.960
116.514
120.579
235.934
155.744
190.244
184.194
202.561
227.901
165.721
134.861
127.252
128.137
127.666
199.287
193.815
144.495
198.927
147.978
114.140
161.006
160.167
163.820
161.494
147.865
144.844
104.024
156.059
119.680
185.643
127.816
185.340
189.410
189.459
175.947
178.504
180.206
181.783
185.952
182.188
181.324
182.205
100.239
128.846
129.752
126.598
118.076
93.838
190.128
156.145
146.492
104.118
103.746
142.596
162.049
211.015
173.297
211.094
182.945
157.834
120.674
187.684
130.254
201.539
140.129
138.965
139.224
138.293
94.784
156.531
102.950
134.312
199.222
189.419
189.449
187.856
253.525
90.210
131.331
135.746
132.544
130.985
190.451
134.769
199.021
133.237
99.496
174.830
178.967
179.763
141.938
193.313
251.920
251.830
252.089
151.205
152.795
154.728
152.617
153.698
154.976
154.076
152.077
99.957
101.372
143.817
142.087
143.335
209.482
208.950
205.503
145.207
101.036
121.451
166.022
106.390
172.153
173.051
144.304
170.950
171.367
150.233
105.459
110.576
175.362
170.912
172.629
172.431
173.369
107.437
101.706
140.793
118.065
191.750
201.587
207.410
197.267
111.265
194.036
173.542
98.496
150.650
156.195
217.646
94.341
159.318
156.940
219.752
106.489
171.889
146.752
204.128
92.058
148.834
144.544
203.979
96.617
132.643
143.367
191.561
97.174
158.892
149.732
214.676
97.414
160.516
150.254
211.372
92.281
150.705
161.327
213.230
99.308
157.793
156.710
212.983
242.929
163.140
201.744
230.171
300.313
173.640
278.927
233.077
124.951
124.695
124.432
126.837
124.747
121.358
148.092
144.855
118.094
177.485
176.557
178.830
176.402
176.195
137.540
134.307
102.993
86.650
133.579
134.049
132.023
133.246
195.428
198.155
117.668
143.855
177.519
115.575
227.577
227.272
227.242
156.526
170.147
185.011
188.088
104.725
214.659
218.468
210.710
143.561
199.552
249.288
197.807
200.730
99.087
94.839
172.539
171.373
168.958
120.517
160.949
208.546
203.590
105.377
248.300
135.388
140.930
155.851
160.067
143.847
150.190
179.281
138.829
137.808
217.070
116.671
100.964
146.038
130.860
98.938
133.010
169.370
125.917
100.691
248.975
109.740
137.094
130.235
132.706
99.188
93.624
125.154
117.679
147.075
89.159
138.618
154.797
201.292
172.882
97.313
149.403
138.765
206.848
94.003
149.768
173.330
166.465
149.931
171.694
280.867
87.804
157.034
143.651
202.890
98.432
128.236
142.897
168.351
143.315
120.120
157.859
220.209
112.440
155.003
116.998
113.117
165.209
231.314
274.487
127.320
128.489
230.914
98.151
91.233
110.035
90.484
143.147
162.545
135.705
107.168
168.933
88.557
170.804
148.630
129.203
220.676
127.339
128.064
112.624
115.367
125.296
102.373
378.115
144.455
144.888
92.618
277.540
171.461
178.488
162.069
253.069
193.574
232.504
255.121
118.054
167.335
158.509
156.545
156.742
157.161
157.215
196.924
186.311
103.641
108.133
219.066
219.825
220.485
220.936
221.409
182.321
180.901
142.036
150.791
154.167
155.745
156.378
158.294
158.638
157.063
99.146
162.583
162.844
163.857
165.247
167.437
166.296
166.783
153.220
100.084
189.690
193.720
191.048
192.775
193.504
192.840
170.462
271.009
141.866
132.718
131.097
129.018
127.565
128.088
129.587
198.364
134.588
109.908
147.202
148.633
149.492
143.851
142.697
140.319
106.687
93.336
133.655
127.823
167.567
131.373
134.812
182.658
114.098
147.590
114.877
113.576
169.251
123.923
178.703
180.639
144.585
99.472
138.522
144.217
131.557
129.456
97.626
196.972
145.437
186.494
94.469
143.226
147.710
148.462
146.565
116.883
212.215
164.199
218.444
93.628
101.114
143.821
148.667
147.220
138.529
142.455
143.921
120.785
115.185
163.356
129.678
127.944
126.919
129.410
200.393
197.806
103.406
96.333
141.369
139.903
144.050
184.972
112.710
216.139
214.015
186.709
105.251
148.087
146.922
141.521
94.689
94.987
124.821
147.466
145.312
145.072
144.827
144.494
122.633
115.187
148.655
91.473
108.410
102.580
109.635
97.424
137.698
132.013
123.618
123.821
116.993
145.164
94.907
210.405
103.859
100.688
188.558
214.646
164.269
103.535
149.240
147.592
146.609
145.037
143.846
141.220
108.157
212.946
144.177
146.805
147.371
148.335
148.577
148.705
150.963
150.994
138.800
138.860
141.951
145.806
200.764
203.272
204.387
205.343
103.511
152.635
151.997
141.557
143.001
144.214
148.421
197.184
161.687
97.169
152.170
154.415
157.121
153.922
116.596
217.335
171.627
171.036
105.423
104.819
176.083
175.532
178.147
182.157
183.612
182.215
124.001
125.760
128.419
125.534
161.034
241.435
171.900
117.736
113.177
113.990
238.644
241.210
145.663
138.355
136.420
137.310
137.439
137.098
131.409
200.434
141.007
142.399
143.133
142.038
138.820
139.951
139.892
142.334
142.757
118.818
125.757
123.387
185.342
186.249
185.729
186.330
94.895
96.433
139.105
137.071
137.413
126.251
126.132
112.658
162.064
89.070
129.174
164.062
125.612
184.084
206.945
265.359
284.683
146.233
228.554
305.748
105.034
349.689
214.004
336.599
308.762
122.350
251.131
139.330
267.984
261.915
295.321
243.889
282.052
236.406
284.590
211.886
221.957
258.781
256.699
103.535
223.510
253.500
249.024
209.755
329.437
248.362
228.520
115.261
229.038
254.124
252.404
108.491
343.086
234.707
258.093
260.595
125.275
269.860
252.496
267.693
194.612
223.946
198.957
186.225
329.602
222.107
220.273
215.240
125.937
257.894
285.352
285.776
189.710
216.075
188.006
168.800
197.456
331.446
227.083
228.838
231.677
255.765
316.647
90.114
211.986
210.026
209.934
131.313
319.651
235.474
235.610
229.994
234.578
336.613
267.005
92.184
200.005
225.791
224.619
133.133
328.485
235.324
237.267
226.604
228.193
329.051
260.898
179.556
193.379
219.857
310.065
236.548
235.898
235.314
177.970
351.879
451.455
221.845
388.735
271.734
270.569
269.535
272.007
101.787
90.364
176.528
183.036
184.994
183.333
182.059
172.838
135.152
154.536
120.403
153.328
203.764
204.291
203.803
204.669
136.289
211.096
141.675
97.902
105.544
168.315
168.457
169.378
168.483
230.170
235.935
194.084
138.983
138.630
144.469
115.595
119.213
121.856
121.803
272.515
277.250
214.414
212.226
94.554
99.282
149.098
144.762
143.278
162.884
107.888
106.951
105.405
148.273
251.682
254.692
253.146
94.288
101.460
144.109
146.287
146.390
111.750
129.243
185.090
182.251
108.741
143.486
144.338
143.104
141.915
147.342
233.392
235.635
260.256
191.539
248.339
143.255
324.150
178.611
178.869
340.194
216.043
149.997
321.025
179.114
329.278
178.644
215.378
138.178
315.228
175.060
321.877
205.132
127.672
301.677
160.101
303.049
303.219
126.230
274.780
275.020
274.876
180.728
162.451
190.385
195.716
168.939
229.951
230.963
257.637
235.133
234.392
137.039
336.231
330.241
188.822
187.096
132.231
286.335
283.909
316.641
178.482
125.517
274.952
274.145
273.238
169.674
159.812
186.766
186.893
170.970
242.790
241.866
241.866
241.386
242.326
140.698
341.104
341.765
190.212
108.551
269.041
268.675
267.478
163.001
308.621
176.281
316.306
331.332
231.625
232.839
234.371
285.974
128.326
166.100
156.799
142.566
143.335
138.668
139.749
110.087
95.400
158.814
164.161
165.426
166.777
164.564
159.178
126.103
90.282
110.407
163.741
166.693
166.042
168.058
169.802
125.606
104.094
105.291
101.824
85.890
110.000
116.615
145.239
119.487
190.864
190.500
195.414
156.247
190.334
98.966
98.893
153.452
150.586
145.621
143.284
95.901
96.259
98.244
199.895
140.049
138.664
116.281
104.740
124.397
90.426
96.194
92.680
88.889
83.786
94.442
90.281
87.101
82.790
Elapsed: 0.034016150
Message Size: 1
