3848.228
3867.187
3878.179
3919.850
3935.460
3963.710
3990.810
4018.209
4057.524
4100.434
4180.475
4192.404
4200.714
4229.453
4254.360
4267.534
4278.590
4305.506
4316.563
4321.898
4383.936
4404.815
4412.232
4423.704
4429.128
4438.148
4464.584
4486.829
4492.919
4503.064
4508.086
4553.715
4561.214
4563.356
4569.152
4581.679
4617.919
4627.225
4636.657
4717.986
4730.085
4767.338
4807.806
4844.871
4873.349
4880.407
4919.195
4929.360
4937.366
4944.063
4948.538
4954.661
4961.124
4966.106
4971.853
4975.748
4980.747
4986.516
4992.899
4998.590
5005.358
5012.287
5017.801
5024.461
5024.548
5029.117
5035.526
5040.807
5047.060
5053.598
5059.791
5065.974
5072.201
5079.567
5082.822
5089.099
5093.128
5098.607
5105.526
5112.011
5117.253
5124.119
5130.824
5136.093
5143.653
5150.244
5154.610
5160.970
5167.704
5172.878
5177.460
5183.845
5187.688
5194.122
5199.921
5203.509
5208.730
5211.117
5218.465
5224.831
5231.330
5237.528
5242.551
5248.720
5253.786
5258.282
5264.172
5270.791
5275.715
5282.304
5290.022
5295.648
5302.198
5308.898
5314.343
5320.878
5327.034
5332.678
5339.479
5344.972
5349.498
5355.767
5362.169
5367.409
5373.845
5380.552
5385.807
5390.850
5404.051
5426.683
5449.519
5473.421
5476.331
5677.392
5714.839
5621.005
5650.826
5666.823
5691.281
5715.996
5722.369
5745.948
5757.339
5780.705
5807.751
5863.674
5870.318
5908.399
5930.224
5987.208
6018.667
6030.384
6103.389
6125.033
6143.429
6170.627
6211.393
6256.055
6279.664
6330.134
6347.267
6379.914
6406.092
6416.083
6452.237
6462.249
6489.039
6552.004
6572.716
6627.587
6636.621
6658.572
6700.792
6718.635
6748.952
6786.884
6793.745
6806.844
6845.093
6900.596
6907.477
6952.760
6969.617
6992.886
7042.808
7071.163
7092.747
7104.089
7134.443
7155.728
7168.073
7173.610
7186.824
7207.822
7222.997
7261.145
7311.078
7335.003
7350.747
7368.673
7386.431
7405.767
7409.514
7439.241
7519.770
7538.273
7562.109
7572.792
7593.349
7633.268
7678.147
7682.321
7708.114
7733.393
7737.091
7770.123
7852.243
7852.486
7855.878
7866.386
7864.377
7874.091
7905.190
8015.614
8038.584
8068.186
8114.901
8152.175
8155.751
8224.053
8374.462
8396.944
8410.415
8434.934
8469.367
8477.324
8486.697
8486.521
8518.529
8497.396
8547.416
8572.194
8629.698
8672.851
8717.197
8745.200
8770.645
8818.767
8835.262
8853.410
8857.898
8871.048
8900.574
8903.827
8922.937
8931.715
8955.203
8983.805
9033.902
9061.785
9075.600
9075.647
9130.389
9166.326
9182.239
9210.902
9213.108
9226.775
9262.969
9265.191
9259.448
9321.651
9384.773
9390.070
9429.180
9497.704
9582.178
9643.249
9674.694
9683.420
9721.834
9731.703
9897.272
9903.666
9947.677
9951.490
9990.177
10004.873
10056.147
10178.644
10215.943
10250.754
10266.916
10231.690
10295.160
10291.545
10299.019
10378.224
10394.139
10385.385
10427.994
10410.775
10458.491
10448.447
10453.520
10518.888
10484.784
10533.625
10550.405
10546.531
10602.440
10575.860
10588.825
10653.640
10632.083
10656.293
10691.316
10709.264
10736.650
10747.093
10750.894
10771.508
10790.261
10810.443
10830.388
10834.695
10858.042
10919.210
10927.797
10949.144
10959.978
11011.079
11034.680
11042.945
11096.866
11103.439
11128.250
11162.408
11198.593
11233.800
11266.605
11274.053
11281.061
11283.042
11286.429
11318.945
11339.693
11363.296
11380.151
11398.784
11404.670
11436.772
11465.142
11472.616
11527.055
11604.971
11656.961
11682.735
11733.650
11746.642
11779.191
11802.730
11820.030
11837.236
11852.646
11910.548
11926.834
11960.719
12019.790
12054.825
12167.580
12183.573
12208.617
12213.948
12280.470
12324.529
12355.120
12375.793
12378.201
12421.560
12447.038
12465.638
12516.274
12539.988
12544.244
12548.743
12626.465
12648.608
12660.837
12667.039
12693.407
12721.998
12714.752
12740.377
12747.810
12776.222
12820.674
12847.689
12893.895
12921.661
12928.435
12986.695
13027.279
13012.193
13040.266
13064.969
13076.343
13107.605
13135.229
13177.064
13195.104
13229.728
13234.121
13258.341
13269.848
13272.772
13323.426
13358.759
13391.462
13448.277
13476.582
13515.319
13528.270
13527.468
13584.122
13610.883
13632.752
13646.694
13685.362
13733.275
13756.426
13786.958
13797.994
13854.045
13875.710
13912.743
13925.610
13972.043
13963.397
13994.303
14041.611
14057.669
14084.835
14126.211
14134.929
14169.955
14174.079
14279.475
14315.172
14325.974
14328.517
14378.247
14375.469
14434.426
14474.696
14458.045
14489.292
14518.748
14545.911
14574.219
14580.815
14589.876
14626.087
14691.910
14677.551
14684.663
14705.206
14710.994
14721.230
14746.279
14756.239
14778.082
14782.559
14786.735
14831.224
14841.636
14846.916
14880.362
14896.017
14898.247
14928.947
14968.557
15013.014
15038.604
15068.183
15090.945
15144.555
15158.737
15170.454
15206.226
15243.399
15290.312
15362.359
15416.508
15446.423
15476.971
15475.743
15509.833
15526.857
15599.860
15623.447
15671.317
15703.347
15718.439
15729.744
15749.450
15782.876
15782.702
15815.960
15840.905
15846.243
15872.782
15926.556
15948.263
15985.350
16028.884
16058.634
16108.909
16144.304
16174.731
16196.236
16227.422
16237.283
16271.934
16292.014
16339.249
16372.746
16372.573
16621.151
16633.993
16671.637
16659.038
16688.705
16721.614
16733.618
16787.856
16771.050
16826.586
16847.138
16938.456
16958.527
16964.814
16979.829
17012.531
17034.787
17054.557
17060.348
17088.528
17125.439
17138.117
17140.054
17159.919
17167.732
17175.739
17198.153
17214.618
17234.688
17252.896
17256.886
17275.359
17312.042
19873.188
19889.597
19905.559
19916.298
19931.322
19978.381
20000.593
20012.622
20018.533
20043.524
20054.313
20051.450
20071.216
20067.989
20103.008
20079.353
20246.222
20236.992
20263.392
20316.635
20320.867
20366.365
20357.463
20376.752
20340.592
20359.279
20367.944
20385.037
20408.329
20413.737
20437.709
20488.257
20446.206
20487.996
20499.151
20503.301
20523.169
20520.582
20541.790
20549.189
20562.649
20591.046
20591.906
20615.607
20624.898
20625.485
20674.228
20687.553
20716.787
20740.306
20754.907
20742.336
20999.560
20983.199
20994.621
21025.257
21023.864
21062.688
21056.531
21048.315
21085.417
21088.572
21087.776
21099.882
21127.102
21124.103
21129.258
21144.813
21146.907
21144.607
21170.843
21184.851
21265.807
21294.208
21315.177
21338.428
21354.796
21372.089
21416.114
21438.767
21485.899
21530.314
21545.370
21543.363
21546.698
21550.738
21543.735
21562.724
21571.057
21592.202
21623.233
21613.319
21616.961
21670.247
21673.273
21685.730
21700.483
21698.288
21704.042
21705.015
21703.893
21701.862
21722.150
21713.203
21718.771
21722.777
21728.509
21744.190
21743.905
21739.791
21808.413
21847.987
21841.428
21842.801
21848.821
21888.878
21886.866
21892.732
21912.243
21902.722
21907.023
21933.249
21916.945
21929.137
21910.238
21942.073
21918.084
21919.192
21954.082
21998.005
21980.219
21961.370
21972.887
22010.620
21959.437
21981.471
22021.319
22006.833
21992.792
22020.597
22044.443
22083.586
22078.890
22058.888
22206.833
22220.140
22234.529
22252.617
22240.663
22274.483
22282.492
22357.791
22360.439
22357.264
22379.985
22384.931
22404.899
22431.989
22442.597
22472.661
22483.369
22495.479
22493.242
22540.727
22533.961
22574.224
22584.386
22610.350
22893.736
22919.213
22662.034
22660.262
22676.572
22673.216
22689.726
22705.848
22671.437
22692.928
22735.687
22723.947
22740.512
22678.280
22645.111
22716.536
22712.341
22774.383
22790.332
22807.764
22811.206
22840.688
22767.581
22779.617
22821.956
22783.703
22815.358
22852.657
22778.340
22851.722
22814.471
22866.488
22839.199
22900.083
22908.602
22950.224
22936.418
22924.403
23137.425
22884.769
23004.878
23096.270
23100.655
22994.502
23049.227
23147.537
23156.523
23121.161
23089.585
23140.113
23189.384
23153.565
23175.080
23210.724
23240.569
23222.290
23216.565
23291.208
23236.614
23285.149
23270.570
23255.724
23333.901
23333.055
23297.285
23431.713
23411.736
23434.345
23421.301
23463.372
23466.642
23467.904
23515.354
23540.381
23548.095
23554.513
23559.305
23596.838
23623.976
23612.703
23630.004
23616.516
23672.640
23654.756
23746.758
23746.758
23784.053
23801.453
23850.258
23856.334
23905.776
23920.415
23919.370
23973.785
23976.906
24016.319
24090.851
24154.440
24154.912
24162.245
24161.108
24202.973
24206.620
24210.331
24321.016
24283.220
24344.904
24324.682
24371.181
24386.573
24402.486
24438.309
24442.517
24445.643
24461.809
24483.519
24520.593
24437.614
24446.365
24557.332
24630.383
24652.693
24691.167
24690.288
24711.356
24711.955
24697.503
24716.237
24715.465
24718.518
24735.401
24735.785
24769.366
24743.460
24797.994
24891.286
24901.489
24958.834
24799.649
25004.585
24813.780
24821.162
25025.131
25087.121
24854.095
25062.926
24897.640
24905.300
25108.821
25126.288
25129.323
25136.537
24956.195
25151.571
25216.140
25030.586
25036.397
25230.257
25082.957
25277.055
25289.711
25150.547
25388.347
25418.681
25422.099
25267.931
25496.171
25332.462
25618.690
25468.931
25470.359
25696.949
25739.322
25566.385
25569.770
25754.749
25775.717
25824.938
25678.466
25686.112
25694.593
25699.011
25881.589
25934.844
25953.873
25987.612
25807.322
26006.883
26012.408
26026.068
26022.428
26044.258
26040.917
25875.942
25881.333
25886.436
26065.245
25898.501
26074.557
26069.783
26080.948
26093.631
25930.903
25934.302
25939.321
25939.296
25943.025
25946.963
25951.544
25955.245
26134.447
26156.506
26158.229
26153.252
26156.781
26190.256
26001.925
26175.089
26186.810
26021.991
26026.878
26202.999
26036.290
26033.283
26032.915
26033.727
26422.706
26434.017
26051.206
26242.303
26050.567
26053.229
26053.489
26056.644
26059.414
26061.347
26062.789
26065.064
26069.241
26076.621
26076.286
26102.879
26107.972
26114.450
26117.195
26121.121
26124.466
26128.847
26132.729
26136.322
26138.275
26140.509
26139.522
26140.789
26146.805
26149.318
26149.609
26146.008
26143.921
26138.866
26139.089
26302.605
26302.918
26349.787
26373.593
26357.350
26345.707
26186.505
26204.177
26317.905
26212.585
Elapsed: 0.030847230
Message Size: 1
